1088,67
1090,08
1086,03
1079,53
1074,77
1075,17
1079,94
1084,79
1085,68
1081,88
1076,39
1074,93
1078,48
1084,33
1089,89
1089,8
1084,18
1077,36
1075,08
1077,84
1082,6
1085,8
1083,12
1075,97
1070,72
1071,15
1078,04
1086,91
1092,17
1089,14
1081,77
1076,78
1077,08
1082,64
1088,72
1089,9
1083,48
1074,7
1069,77
1072,3
1080,52
1089,06
1090,37
1084,21
1076,47
1073,9
1079,1
1087,68
1093,75
1090,73
1080,94
1070,9
1067,88
1073,97
1083,75
1089,89
1086,94
1077,76
1071,08
1072,55
1081,74
1092,5
1096,69
1090,09
1078,5
1070,09
1070,58
1080,29
1090,22
1091,56
1083,42
1071,92
1065,63
1071,46
1085,18
1096,28
1096,91
1086,49
1073,95
1068,8
1075,34
1087,4
1094,41
1089,75
1076
1063,74
1061,96
1073,77
1090,19
1098,83
1093,58
1079,4
1067,73
1068,86
1082,18
1097,04
1101,52
1090,57
1072,42
1060,38
1063,56
1079,6
1095,1
1097,65
1086,11
1069,36
1062,18
1071,8
1090,83
1104,64
1102,4
1084,87
1065,27
1058,26
1067,95
1086,62
1098,36
1094,3
1076,82
1060,27
1058,8
1075,53
1097,78
1109,3
1101,04
1079,81
1061,02
1060,85
1078,2
1098,59
1104,81
1090,34
1066,15
1051,34
1058,79
1083,29
1106,51
1110,76
1093,06
1068,36
1055,22
1065,78
1091,1
1109,58
1105,42
1081,48
1054,51
1044,54
1061,95
1091,66
1111,81
1107,48
1083,13
1056,6
1051,6
1074,37
1104,29
1119,66
1107,56
1076,63
1046,6
1044,59
1071,16
1101,23
1114,32
1100,42
1066,88
1043,07
1054,34
1086,71
1115,75
1123,82
1100,42
1059,53
1040,83
1054,73
1086,86
1113,56
1115,24
1084,48
1043,36
1034,53
1059,1
1098,45
1128,91
1129,1
1084,96
1042,83
1038,7
1064,69
1106,2
1132,63
1115,89
1059,32
1025,78
1029,51
1065,84
1116,07
1147,9
1116,54
1059,73
1030,35
1037,24
1075,2
1131,83
1152,9
1096,9
1046,75
1019,19
1021,32
1070,02
1147,85
1144,19
1095,92
1054,32
1018,76
1029,17
1105,96
1163,04
1140,89
1090,14
1037,04
1002,46
1018,2
1123,52
1162,96
1130,62
1076,2
1025,87
972,72
1050,71
1158,89
1181,54
1128,48
1085,68
984,07
946,02
1086,98
1207,83
1220,14
1205,16
1168,7
959,07
877,84
876,13
875,28
876,19
879,22
882,67
883,6
881,52
876,74
872,42
870,34
871,25
873,57
874,17
872,27
869,94
869,23
872,18
877,76
882,73
884,06
881,28
877,34
874,49
874,06
875,89
876,57
873,87
869,79
866,94
867,58
872,74
878,64
881,48
880,84
877,68
875,64
877,1
880,67
882,72
880,45
874,71
868,35
865,43
868,09
873,69
877,02
875,69
872,56
870,66
873,47
880,64
886,02
886,32
880,54
872,68
868,2
868,87
873,15
876,44
874,55
869,78
866,66
869,17
876,26
883,94
886,62
882,81
876,79
873,22
874,44
879,35
882,64
878,99
870,25
862,44
861,31
867,44
876,36
881,76
879,93
874,31
871,44
874,6
881,9
887,57
885,44
875,85
866,39
862,4
866,89
875,21
879,84
878,02
870,83
866,26
869,22
879,83
890,03
891,22
883,41
872,16
866,02
868,64
876,67
881,4
877,8
867,23
858,75
860,43
871,49
884,77
890,25
884,72
874,2
867,89
871,6
881,37
887,85
883,97
871,57
859,58
857,18
867,31
881,1
888,05
883,55
872,21
864,66
869,67
883,33
894,55
893,54
879,98
863,45
856,82
863,87
877,64
885,13
880,06
866,46
855,85
859,43
874,72
891,79
896,92
886,62
870,1
861,42
867,39
882,27
892,09
886,82
869,42
852,94
851,07
865,47
886,38
897,09
890,13
873,77
862,72
867,48
883,88
896,92
894,63
876,58
855,69
848,04
859,39
878,98
890,65
884,99
866,91
853,66
857,97
879,02
900,44
905,67
889,99
865,09
850,93
857,76
878,92
895,05
891,32
870,16
848,69
847,04
868,38
896,58
909,12
897,73
871,19
852,36
856,67
878,71
899,7
899,48
876,06
847,96
836,8
853,8
883,49
902,28
896,53
872,06
850,35
852,45
879,62
908,07
914,65
892,45
856,19
834,09
844,57
877,91
903,86
904,32
876,67
843,55
837,69
866
904,1
923,14
909,18
868,95
838,27
843,11
874,17
905,68
910,25
878,93
835,06
819,16
842,14
887,56
923,97
921,98
883,11
841,75
836,86
867,25
909,22
930,51
903,15
849,6
815,45
826,66
872,24
919,7
927,07
886,29
836,89
822,44
853,67
910,5
951,05
930,3
865,76
813,24
805,54
849,07
914,69
935,53
898,59
839,76
801,78
814,32
888,54
956,82
959,22
903,28
824,26
784,7
826,8
917,82
965,75
937,32
857,25
777,64
753,27
804,82
897,14
988,31
1073,35
1150,9
1218,08
1269,09
1285,03
1277,13
1256,84
1236,14
1216,57
1203,52
1206,23
1225,05
1249,88
1264,19
1261,71
1254,73
1252,58
1247,98
1247,64
1260,87
1268,74
1265,27
1251,7
1225,32
1202,28
1208,29
1233,48
1264,58
1290,95
1291,34
1261,98
1246,32
1244,79
1247,29
1235,44
1217,63
1204,44
1206,2
1216,22
1227,09
1226,9
1212,27
1194,86
1185,09
1194,46
1216,28
1238,44
1246,84
1237,4
1220,7
1206,73
1211,77
1226,18
1237,96
1239,14
1218,33
1195,42
1183,26
1191,28
1211,87
1235,67
1241,86
1226,8
1211,18
1199,45
1211,82
1233,69
1252,37
1249,59
1223,5
1193,59
1177,97
1187,03
1207,97
1235,07
1236,56
1217,09
1200,16
1188,82
1204,74
1241,9
1268,52
1265,22
1238,02
1200,54
1176,04
1186,13
1216,72
1242,17
1238,92
1208,96
1182,3
1167,24
1197,68
1243,69
1276,61
1273,82
1240,73
1198,37
1165,28
1189,3
1224,4
1258,8
1250,58
1215,31
1164,8
1141,14
1175,3
1230,95
1277,9
1290,34
1265,48
1199,42
1167,72
1183,18
1229,8
1264,32
1272,54
1213,06
1159,64
1155,62
1175,02
1221,3
1270,8
1268,3
1203,24
1182,22
1131,26
1253,59
1262,17
1398,98
1228,56
1219,36
1125,72
1093,36
1134,62
1234,92
1317,49
1318,18
1223,78
1137,89
1103,93
1167,2
1277,48
1364,77
1356,96
1228,88
1112,22
1061,58
1138,15
1274,48
1376,84
1297,7
1191,71
1092,46
1022,11
1145,49
1353,05
1439,43
1377,15
1249
1026,37
960,61
1103,65
1344,24
1465,72
1438,5
1155,21
897,43
1045,65
1219,46
1339,06
1484,91
1321,86
524,16
125,91
710,83
1359,17
1777,38
1754,69
1108,39
568,83
347,76
345,1
345,94
345,46
344,22
342,72
343,39
345,08
345,89
346,11
344,48
342,54
343,02
345,24
347,38
345,63
342,37
341,74
343,88
347,51
347,55
345,06
343,37
342,93
344,3
346,02
345,64
344,35
342,87
341,99
344,72
347,31
347,9
345,74
340,73
341,36
345,73
348,37
346,99
341,09
341,61
344,86
344,59
345,34
346,77
346,31
343,22
341,5
344,07
347,57
347,47
344,49
342,79
345,2
347,62
346,3
343,32
341,58
344,24
346,17
346,02
346,45
346,04
344,42
341,96
341,47
343,35
343,92
340,67
335,57
333,94
336,43
338,09
337,08
333,17
330,22
331,32
331,95
329,34
326,8
325,22
324,58
323,1
321,2
320,33
319,43
316,22
312,18
312,74
316,46
317,01
313,05
308,16
307,98
310,71
310,63
306,85
304,32
305,17
305,58
304,44
303,23
304,06
303,7
299,06
294,22
294,23
297,25
297,11
291,3
289,34
291,65
295,2
291,82
285,5
287,05
291,27
290,11
284,6
282,08
286,13
286,48
280,84
277,27
277,7
278,82
279,53
280,64
283,79
283,22
277,45
267,96
262,18
265,21
270,41
267,9
257,27
251,93
262,71
273,52
270,06
261,54
258,47
264,45
262,75
254,88
249,77
243,26
239,57
246,22
258,54
265,44
258,86
247,04
241,98
245,98
254,63
257,76
253,44
245,52
236,48
238,3
239,93
230,3
211,53
203,47
214,53
228,57
232,8
224,53
214,69
214,32
218,79
220,98
219
208,78
200,2
201,54
210,66
216,68
214,41
207,56
199,9
194,64
196,98
201,92
199,6
189,26
181,61
185,99
196,87
199,3
193,74
185,16
180,08
179,19
184,26
189,8
188,46
182,24
178,12
180,57
186,19
188,85
186,3
180,96
178,84
181,7
187,32
189,78
186,11
179,27
177,6
183,4
190,37
190,23
182,7
176,92
178,87
185,53
190,14
187,82
180,93
177,23
179,65
187,23
192,78
189,3
179,49
173,71
181,24
191,86
192,13
182,11
173,56
177,67
186,5
190,32
189,41
184,12
177,88
175,72
183,9
195,93
193,94
178,04
167,29
177,52
195,44
196,31
182,14
173,11
177
186,71
191,69
191,52
187,58
177,01
171,29
180,32
197,06
199,76
180,4
163,29
172,16
194,72
204,32
189,02
171,19
171,5
183,92
194,9
194,38
186,91
178,58
169,81
174,26
192,74
205,27
193
162,92
157,51
188,57
215,33
202,98
168,56
160,31
179,82
195,3
194,14
189,93
185,29
171,94
159,34
178,28
221,33
223,35
170,93
127,36
146,09
219,11
256,27
222,05
134,11
86,29
140,56
253,06
276,11
155,62
49,39
135,8
414,08
658,54
852,91
964,3
1142,26
1274,79
1285,1
1228,21
1215,81
1214,69
1217,53
1221,39
1223,04
1221,25
1216,79
1212,82
1212,31
1215,85
1220,99
1223,12
1221,44
1217,44
1214,35
1215,12
1219,48
1223,22
1223,51
1219,63
1214,42
1211,83
1213,12
1217,67
1222,32
1223,82
1220,67
1215,75
1213,64
1216,24
1220,57
1223,85
1223,09
1218,48
1213,02
1211,11
1214,58
1219,9
1223,59
1222,88
1217,79
1212,88
1212,46
1216,66
1222,65
1226,14
1223,64
1217
1211,18
1210,74
1215,17
1221,04
1223,88
1221,99
1216,72
1212,4
1213,11
1218,65
1224,86
1226,39
1221,6
1213,94
1209,18
1210,96
1217,33
1223,76
1224,66
1220,68
1214,17
1210,86
1213,79
1220,5
1226,84
1226,47
1220,14
1212,5
1208,7
1211,89
1219,75
1225,73
1224,24
1218
1211,47
1210,24
1215,46
1224
1228,88
1226,47
1218,12
1210,27
1208,49
1214,14
1222,26
1226,66
1223,57
1215,88
1209,32
1209,63
1217,25
1225,98
1229,62
1225,01
1215,7
1208,64
1209,02
1216,41
1224,26
1226,6
1221,34
1212,89
1207,91
1211,42
1221,16
1229,27
1230,07
1222,5
1212,1
1206,35
1209,49
1218,96
1226,61
1227,03
1219,58
1210,17
1206,6
1212,21
1222,91
1230,4
1228,99
1220,08
1209,71
1206,55
1212,44
1223
1229,54
1226,34
1216,04
1206,51
1205,68
1214,33
1226,37
1231,98
1228,17
1216,96
1206,87
1206,52
1215,11
1225,78
1229,62
1224,57
1212,62
1204,18
1206,42
1217,4
1229,71
1233,08
1225,58
1212,8
1203,96
1205,97
1217,67
1229,54
1231,82
1222,87
1209,3
1202,3
1207,18
1220,6
1233,16
1233,79
1223,09
1208,74
1202,54
1208,69
1223,18
1233,68
1231,2
1219,03
1204,25
1199,48
1208,25
1224,48
1235,66
1232,78
1219,62
1205,13
1201,21
1211,23
1227,19
1236,72
1230,74
1214,56
1198,72
1197,4
1211,84
1230,54
1239,44
1232,83
1215,96
1201,22
1201,54
1215,73
1232,2
1238,16
1227,96
1209,54
1195,84
1198,75
1216,3
1235,38
1241,4
1229,14
1209,17
1195,4
1201,06
1219,4
1237,44
1240,82
1224,85
1204,15
1192,73
1202,1
1223,18
1241,17
1242,23
1223,81
1202,37
1192,63
1204,4
1227,49
1245,38
1242,76
1220,94
1196,6
1187,28
1202,52
1228,18
1246,86
1243,03
1219,51
1196,58
1189,33
1206,56
1232,84
1249,17
1241,93
1214,52
1189,91
1185
1206,92
1236,22
1252,77
1242,08
1212,47
1187,63
1185,51
1211,63
1242,3
1256,5
1240,54
1206,88
1182,41
1182,57
1212,56
1244,72
1257,7
1239,79
1203,93
1179,45
1182,71
1216,36
1250,22
1263,16
1239,57
1198,49
1173,47
1180,98
1219,44
1254,62
1263,05
1233,66
1192,92
1171,28
1185,74
1230,04
1264,84
1267,78
1231,67
1184,44
1163,18
1179,58
1227,57
1266,14
1269,27
1230,05
1182,26
1160,58
1182,76
1239,16
1275,93
1272,14
1224,35
1169,81
1152
1185,04
1244,27
1281,78
1274,77
1220,51
1165,07
1149,13
1185,86
1251,58
1288,97
1278,2
1215,97
1156,99
1142,7
1187,89
1258,68
1297,13
1278,8
1206,9
1142,88
1137,06
1195,21
1271,67
1307,24
1278,75
1202,9
1135,32
1126,93
1192,47
1283,56
1323,36
1285,52
1184,24
1115,83
1124,87
1201,81
1301,52
1333,81
1283,14
1175,8
1094,84
1102,32
1211,22
1318,77
1358,74
1292,28
1157,27
1078,72
1105,38
1203,92
1336,65
1387,42
1297,35
1126,84
1040,16
1082,86
1229,34
1369,22
1399,53
1291,78
1121,07
1021,36
1058,35
1238,6
1403,99
1437,51
1294,73
1082,87
966,38
1074,9
1278,03
1416,72
1418,03
1290,52
1085,83
938,6
1005,18
1285,81
1546,76
1530,22
1266,21
1017,96
839,42
896,07
1239,72
1625,85
1657,24
1389,48
910,95
669,59
913,28
1408,8
1878,74
1611,62
1219,86
520,76
720,27
1089,42
1751,21
2258,18
1887,11
987,02
356,58
184,77
183,94
183,71
182,81
182,31
182,49
183,06
182,94
182,18
181,93
182,16
182,25
182,41
182,49
182,51
182,79
182,61
182,57
182,71
182,84
182,33
182,4
183,08
183,02
182,79
182,59
182,54
182,63
183,24
183,15
182,66
182,74
182,98
182,86
182,3
182,05
182,48
182,65
183,08
182,68
182,33
182,48
182,4
182,78
183,13
182,98
182,82
182,24
182,25
182,83
182,87
182,63
181,94
182,45
182,94
182,79
182,38
182,71
182,82
182,76
182,69
182,52
182,4
182,28
182,22
182,71
182,94
182,95
182,56
182,16
182,28
183,02
183,49
182,98
182,53
182,17
182,59
182,32
182,24
182,6
182,18
182,15
182,54
182,98
182,91
182,7
182,32
182,28
182,42
182,79
182,84
182,36
182,22
182,37
182,85
182,84
182,58
182,15
181,66
182,05
182,7
183,29
182,73
182,09
182,65
182,82
183,07
182,95
182,59
182,36
182,1
182,34
182,4
182,81
182,6
182,5
183,06
183,18
182,97
182,56
182,38
182,85
183,12
182,9
182,73
182,77
182,82
182,41
182,02
182,5
183,12
182,5
181,76
182,18
183,1
183,4
182,78
182,7
182,74
182,54
182,64
182,44
183,07
183,21
182,01
181,95
182,88
183,41
182,65
181,94
182,02
182,88
183,23
182,69
182,15
182,44
182,7
182,56
183
183,27
182,96
181,84
181,31
182,72
183,64
183,37
181,93
181,65
182,7
183,42
183,23
182,53
182,08
181,76
181,65
182,08
183,68
183,47
181,67
180,36
182,21
184,52
183,73
181,71
181,03
182,24
182,89
182,49
182,53
183,08
182,36
181,33
182,18
184
183,85
181,46
179,84
181,35
184,19
184,23
182,08
180,86
182,1
183,09
183,54
183,41
183,1
182,27
180,43
180,76
183,89
184,91
182,47
180,17
181,64
184,59
184,65
182,31
181,09
181,84
182,85
182,6
182,75
183,95
182,69
181,13
181,66
184,64
186,56
183,26
179,34
180,77
184,81
185,89
182,78
180,91
182,04
182,77
182,28
183,21
184,42
182,89
179,06
179,27
184,7
187,18
182,87
177,94
180,03
184,78
185,12
182,68
181,35
182,38
181,45
180,99
183,47
187,03
184,38
177,87
178,14
185,22
188,88
183,9
177,99
179,3
184,26
185,37
183,06
182,84
182,89
181,09
180,8
183,99
188,04
185,21
178,02
176,23
183,71
190,07
185,71
177,38
176,97
183,26
186,82
184,04
181,62
183,63
181,93
178,02
180,87
189,23
189,56
177,05
171,08
181,93
194,35
187,86
174,52
175,8
185,66
186,4
181,08
182,58
187,53
182,16
171,79
177,97
194,76
193,36
173,93
167,85
183,18
194,87
187,64
175,85
177,18
183,99
183,24
181,03
186,87
190,08
179,04
170,15
176,87
192,7
196,94
179,96
166,83
173,78
191,44
196,99
182,54
172,89
177,98
186,36
184,07
178,83
189,67
193,34
173,7
159,83
180
213,12
200,53
157,71
153,28
193,69
214,52
181,77
162,59
186,41
187,16
155,53
176,19
244,36
228,55
107,72
61,01
220,67
353,88
234,73
35,62
38,91
244,51
346,3
232,88
88,11
65,69
139,9
259,6
352,46
248,27
-14,71
-68,79
258,91
590,86
340,66
-210,06
-243,16
368,55
751,89
330,75
-254,05
-250,67
278,17
575,75
437,33
125,62
-224,33
-175,06
284,44
875,54
638,57
-324,64
-637,96
176,78
993,53
860,3
148,35
2,18
1,54
1,69
1,77
1,36
1,35
1,29
1,54
1,39
1,32
1,45
1,11
1,49
1,56
1,26
1,12
0,98
1,3
1,16
0,72
1,02
1,28
1,03
1,26
1,29
1,9
1,75
1,24
1,57
1,47
1,42
1,52
1,4
1,27
1,01
1,3
1,44
1,42
0,9
1,15
1,36
1,41
1,48
1,31
1,17
0,88
1,19
1,32
1,23
1,46
1,4
0,94
1,49
1,52
1,2
1,26
1,1
1,31
1,44
1,44
1,38
1,55
1,66
1,48
1,79
1,91
1,11
0,85
1,18
1,68
1,78
1,64
1,36
1,16
1,27
1,59
1,81
1,29
1,13
1,42
1,22
1,68
1,66
1,75
1,98
1,85
1,9
2,03
1,87
2,03
1,55
1,74
1,89
1,63
1,38
1,2
1,14
1,53
1,28
1,37
1,87
1,48
1,15
1,3
1,74
1,34
1,46
1,79
1,36
1,37
1,09
1,49
1,71
1,32
1,25
1,2
1,55
1,41
1,34
1,71
1,29
1,27
1,24
1,79
1,4
1,01
0,8
0,58
0,83
1,58
1,7
1,19
1,04
1,34
1,11
1,53
1,75
1,61
1,1
1,38
1,36
1,36
0,79
0,56
1,12
1,39
1,98
1,85
1,46
1,3
1,68
1,39
1,33
1,48
1,36
1,2
1,54
1,77
1,83
1,54
1,37
1,65
1,84
1,39
1,57
1,83
1,64
1,66
1,72
1,22
1,02
1,44
1,15
1,29
1,08
1,65
1,77
1,03
1,02
1,3
1,52
1,75
1,51
1,09
0,87
1,01
1,67
2,06
1,75
1,51
1,46
1,58
1,72
1,92
1,9
1,62
1,39
0,93
1,37
1,56
1,16
1,15
1,54
1,89
1,93
1,99
1,25
0,98
1,1
1,27
1,8
1,74
1,5
0,88
0,78
1,42
1,91
1,51
0,98
1,24
1,73
2,14
1,52
1,44
1,35
1,51
1,27
1,37
1,53
1,13
0,69
1,44
1,64
1,94
1,36
1,15
0,93
1,37
1,86
1,75
1,32
0,98
0,32
0,63
1,12
1,48
1,44
1,02
1,48
1,66
1,68
1,87
1,31
0,64
0,9
1,02
1,27
1,64
1,14
0,74
0,86
1,04
1,57
1,46
1,45
1,43
1,28
1,26
1,29
1,51
1,23
0,8
1,27
2,04
1,78
1,36
0,82
0,96
1,81
1,6
1,53
1,38
1,1
1
1,06
1,86
1,67
1,36
0,94
1,11
1,68
1,65
1,59
1,27
1,03
1,34
1,99
2,15
1,34
0,54
0,88
1,38
0,88
1,04
0,98
0,67
0,72
1,33
1,88
1,54
1,33
0,93
1,04
1,91
1,93
0,79
1,01
1,81
1,7
1,46
0,88
0,81
0,97
1,59
2,21
2,17
1,79
0,99
0,96
1,56
1,94
1,62
1,15
1,47
1,94
1,82
1,92
1,91
1,47
0,82
1,12
1,93
2,21
1,08
0,33
1,02
1,7
1,65
1,62
1,64
1,43
1,46
1,45
2,5
2,71
1,12
-0,15
0,61
1,99
1,58
0,76
0,85
0,86
1,05
1,55
2,54
2,5
0,56
-0,43
0,82
2,73
1,98
0,26
0,36
1
1,41
1,47
2,62
2,64
0,92
-0,02
1,58
3,44
2,13
-0,05
-0,25
1,4
1,79
1,25
1,9
2,02
0,36
0,21
2,69
4,1
2,34
-0,52
0
1,95
1,8
1,02
0,83
1,06
0,31
0,13
3,01
4,15
1,56
-1,6
0,29
3,48
3,13
0,54
0,36
1,27
0,97
0,99
3,12
3,74
0,52
-1,62
0,19
4,38
4,58
0,54
-0,53
0,83
1,81
1,75
3,22
3,41
-0,19
-2,07
0,39
4,7
4,43
-0,24
-2,01
-0,18
2,17
2,94
2,51
1,24
-0,99
-1,06
2,18
6,1
4,51
-1,17
-3,24
0,64
4,15
3,86
0,93
-0,41
-1,59
-1,14
3,25
6,55
5,63
-2,32
-5,27
1,34
7,74
6,24
-1,21
-3
-0,98
-0,15
2,75
5,66
6,08
-1,64
-6,35
1,69
10,32
7,19
-3,71
-6,09
0,43
3,03
2,19
2,56
3,42
-1,93
-6,5
3,33
14,06
7,78
-5,67
-9,97
2,52
8,32
2,79
0,56
-0,23
-5,2
-8,21
4,34
19,47
9,42
-12,45
-12,53
9,9
18,76
1,85
-6,36
-2,14
-1,75
-7,95
-2,08
19,8
7,87
-25,86
-20,81
21,43
41,11
-1,02
-36,04
-10,59
30,61
34,63
-1,79
-20,15
-25,7
-22,96
11,86
49,55
46,54
-17,42
-39,44
-0,38
29,4
11,68
-37,16
-11,38
21,7
4,29
5,21
17,86
-0,19
-34,24
-57,92
-0,98
-3,28
-50,13
-17,59
117,48
193,67
231,57
536,22
810,58
959,65
1031,21
1073,19
1102,23
1123,96
1138,82
1148,95
1155,28
1158,54
1158,86
1155,67
1149,87
1145,25
1142,34
1140,76
1139,53
1139,83
1138,81
1138,7
1137,81
1135,37
1132,2
1127,48
1121,4
1116,55
1114,52
1115,33
1117
1119,08
1120,08
1119,34
1115,52
1111,12
1107,29
1103,53
1101,03
1099,22
1098,27
1098,95
1099,08
1098,6
1098,03
1096,41
1095,55
1095,39
1096,11
1097,1
1099,12
1099,86
1099,5
1099,3
1100,69
1102,51
1103,5
1102,3
1099,34
1095,64
1091,92
1087
1082,45
1078,85
1076,04
1074,28
1073,32
1071,83
1070,44
1068,95
1066,88
1065,31
1066,1
1066,14
1065,33
1065,87
1068,62
1072,22
1073,88
1074,24
1073,14
1070,73
1068,07
1063,64
1060,08
1058,92
1060,85
1063,41
1063,26
1062
1062,07
1061,28
1061,35
1064,22
1067,41
1070,4
1069,04
1066,24
1066,47
1068,43
1068,72
1067,36
1067,4
1071,5
1075,88
1079,41
1080,55
1080,28
1081,2
1081,49
1078,74
1075,62
1074,98
1075,96
1077,16
1078
1079,36
1082,64
1083,31
1079,01
1071,47
1061,58
1054,21
1051,25
1047,55
1042,17
1039,22
1039
1037,76
1034,86
1031,21
1026,94
1023,78
1020,89
1016,64
1013,38
1014,07
1016,54
1017,77
1018,12
1020,4
1024,39
1026,55
1023,62
1018,84
1016,43
1014,44
1010,12
1006,21
1004,12
1004,8
1005,01
1001,75
998,4
997,92
999,64
1002,4
1003,55
1004,41
1006,28
1007,58
1005,75
1000,87
995,65
994,19
994,6
993,18
992,27
994,62
996,3
997,4
998,37
996,28
993,24
991,83
990,77
990,92
991,61
992,12
993,85
996,6
997,98
997,9
996,22
994,66
993,65
992,14
990,82
988,97
986,45
987,29
990,19
991,77
991,38
989,1
985,81
985,15
985,61
982,74
977,08
972,57
970,15
970,18
969,76
967,93
968,1
971,8
975,95
978,49
981,26
982,82
981,11
976,83
972,76
969,08
968,08
969,1
968,99
968,58
968,98
967,62
965,04
963,09
962,8
965,77
968,11
966,7
965,03
965,33
965,47
965,39
965,08
965,27
966,57
968,33
966,74
963,81
963,19
962,6
961,38
960,32
960,15
958,7
954,58
948,51
944,88
943,91
943,57
944,59
944,8
943,33
941,44
939,34
937,09
937,05
939,04
941,01
941,58
944,99
948,97
950,28
947,32
940,62
933,08
929,01
928,2
928,32
927,84
924,92
922,5
922,38
922,42
922,35
923,76
924,95
922,35
919,81
919,25
918,85
917,07
917,05
919,9
922,68
924,83
925,71
925,28
926,38
927,65
925,38
920,05
914,41
909,64
905,69
901,95
897,86
896,44
898,88
901,62
902,24
902,85
907,85
913,82
915,97
914,85
912,26
910,47
910,55
913,93
916,13
915,82
917,02
918,94
917,38
913,78
912,82
912,46
911,63
913,61
916,9
918,78
918
915,87
914,7
914,63
911,67
906,64
904,84
904,55
903,67
902,21
901,7
902,91
903,46
900,87
896,71
894,9
896
895,6
891,35
887,64
888,53
890,5
891,17
890,88
890,24
889,06
887,56
884,35
879,75
874,48
869,58
866,63
865,22
865,71
866,26
866,06
867,61
869,82
871,55
870,98
870,23
869,81
868,63
862,46
855,09
848,9
843,88
839,29
836,65
836,86
838,81
840,3
838,91
834,94
832,19
831,88
833,81
835,5
835,78
833,8
833,55
834,95
835,24
833,16
830,03
828,31
827,05
823,82
818,19
814,6
814,65
818,31
822,94
826,91
832,14
839,42
844,42
843,89
839,65
834,18
830,73
830,44
827,87
823,73
820,2
816,61
811,87
808,53
809,12
809,26
808,73
806,79
804,56
805,94
808,24
809,28
809,68
809,98
812,82
815,21
812,52
805,48
802,04
800,27
798,62
797,08
797,38
798,47
799,31
799,74
799,06
800,3
803,46
806,66
808,67
808,26
807,43
805,97
804,24
801,61
801,7
803,66
804,93
804,82
802,16
800,18
799,55
799,8
800,5
799,59
797,02
796,35
797,87
798,57
798,46
799,39
800,26
801,01
800,83
801,74
802,7
803,27
803,4
801,31
798,04
798,7
805,95
808,69
810,48
814,94
823,03
827,26
823,72
818,38
817,84
819,51
819,99
820,94
824,19
827,51
829,1
829,85
831,39
834,27
839,31
842,19
840,13
840,07
847,7
854,96
849,45
841,98
841,13
846,04
849,18
843,95
840,95
845,58
854,42
856,56
851,76
852,28
857
859,55
852,19
845,63
856,22
866,1
858,08
842,59
843,35
859,16
870,06
862,39
851,58
867,32
887,06
878,43
848,8
823,6
823,69
829,84
804,6
768,18
771,36
813,81
833,79
802,05
774,83
791,46
818,97
802,93
749,18
728,58
753,25
779,96
772,29
727,42
733,14
798,61
822,16
793,71
720,94
711,56
742,19
692,57
623,7
519,2
534,31
565
531,33
476,27
238,06
110,63
11,82
2,16
1,9
0,37
-0,57
1,44
3,29
1,77
-0,56
0,45
2,22
1,94
0,64
0,69
2,36
1,2
-0,45
1,24
3,86
3,2
-0,15
0,73
2,22
2,73
1,72
0,72
1,99
0,88
0,68
1,94
3,19
1,48
-1,08
1,12
3
3,24
1,49
1,54
1,84
0,39
0,46
2,97
4,36
0,15
-1,87
1,57
5,25
2,29
-0,7
0,5
2,6
1,93
-0,66
2,39
4,38
0,93
-2,97
-0,03
6,95
4,15
-1,38
-1,77
2,35
4,56
1,91
-0,34
0,32
1,11
-0,88
-0,28
4,27
4,45
1,87
-0,72
0,41
4,4
5,77
0,9
-3
-0,19
2,84
3,1
0,92
0,19
0,9
1,52
1,32
4,68
5,15
1,77
-1,12
-0,66
2,78
0,88
2,96
2,08
-2,56
-3,35
0,51
11,98
4,67
-6,49
0,31
11,21
10,08
-11,25
-8,63
15,24
12,56
-14,64
-17,37
11,33
18,85
-9,99
-18,46
2,87
37,24
17,3
-11,05
-4,64
-11
-0,84
15,77
14
5,48
-24,46
-33,19
-23,6
17,33
14,08
23,86
15,86
2,56
13,2
33,67
31,49
-14,42
-51,33
-5,79
41,59
23,51
-41,66
-44,06
25
34,27
-21,37
-26,78
-19,27
23,66
17,95
-5,06
-53,21
-63,57
8,25
70,79
31,23
-47,09
-40,98
93,31
309,43
578,87
830,43
1046,4
1213,48
1323,65
1386,71
1421,97
1445,7
1463,07
1479,91
1497
1509,78
1517,64
1520,87
1523,02
1524,74
1524,78
1523,12
1521,3
1521,18
1521,49
1521,29
1520,98
1523,98
1528,75
1532,02
1531,5
1527,93
1528,32
1533,18
1535,83
1533,94
1528,17
1524,34
1523,45
1523,73
1521,32
1517,12
1519,44
1524,68
1527,86
1528,08
1527,66
1528,41
1528,95
1522,89
1512,52
1505,47
1502,25
1501,85
1502,46
1501,35
1502,32
1506,44
1509,41
1508,88
1507,49
1508,33
1509,94
1511,9
1512,42
1513,22
1515,67
1517,78
1519,8
1521,22
1521,16
1519,37
1517,97
1517,72
1520,85
1525,29
1528,68
1527,41
1524,84
1521,02
1515,32
1507,59
1494,9
1482,73
1476,69
1474,43
1469,98
1460,98
1452,56
1448,34
1447,74
1446,88
1441,62
1436,52
1436,81
1441,01
1444,14
1445,38
1447,89
1453,21
1457,81
1457,49
1449,64
1438,98
1428,58
1420,85
1416,91
1414,21
1410,73
1408,22
1407,42
1406,78
1405,41
1404,47
1404,39
1405,76
1408,47
1411,17
1412,15
1410,44
1408,64
1405,64
1402,03
1399,87
1399,54
1401,78
1406,09
1407,33
1405,26
1402,54
1399,78
1401,18
1403,96
1406,82
1410,95
1415,69
1419,65
1420,16
1418,85
1418,56
1418,88
1418,8
1416,05
1412,25
1410,99
1413,09
1414,83
1415,17
1414,05
1413,78
1416,38
1420,27
1424,16
1424,72
1424,14
1424,54
1424,86
1424,82
1426,15
1427,98
1430,92
1433,77
1435,41
1435,52
1434,71
1433,79
1432,32
1431,46
1430,46
1431,6
1433,93
1433,52
1432,56
1432,59
1434,5
1434,98
1432,94
1432,11
1433,28
1436,45
1438,75
1438,12
1436,3
1435,33
1436,76
1437,66
1434,81
1430,64
1428,63
1428,49
1426,04
1419,03
1411,49
1407
1405,98
1405,59
1403,8
1399,47
1396,04
1392,46
1389,56
1385,84
1382,35
1381,16
1381,52
1384,07
1388,58
1394,54
1401,79
1409,85
1416,24
1418,96
1416,74
1413,16
1412
1411,89
1408,63
1403,22
1396,55
1391,97
1387,9
1383,39
1380,66
1381,33
1383,89
1384,75
1383,38
1382,87
1385,36
1388,32
1390,32
1391,98
1396,51
1402,7
1403,36
1398,39
1392,96
1391,93
1394,94
1396,48
1394,49
1391,58
1392,18
1396,31
1399,34
1398,32
1395,39
1393,62
1393,05
1392,26
1391,78
1392,1
1393,5
1395,46
1396
1395,31
1396,01
1398,42
1400,93
1402,45
1401,89
1401,83
1405,47
1409,82
1409,52
1404,85
1400,44
1396,46
1394,08
1393,68
1393,13
1392,62
1394,79
1397,03
1397,68
1397,78
1399,02
1401,6
1405,3
1408,82
1414,82
1420,95
1422,26
1418,02
1412,69
1409,66
1406,15
1400,27
1393,53
1387,81
1386,9
1389,86
1392,98
1394,3
1395,36
1399,98
1403,37
1403,27
1402,54
1404,75
1408,91
1408,45
1403,37
1396,02
1388,87
1384,67
1381,9
1379,04
1375,11
1371,27
1370,6
1370,75
1371,12
1370,74
1369,2
1368,6
1367,69
1367,19
1366,71
1365,69
1364,62
1364,56
1365,3
1364,88
1363,28
1360,33
1356,97
1353,44
1349,61
1349,43
1353,8
1360,23
1364,07
1363,79
1361,89
1361,21
1363,11
1364,69
1361,42
1355,57
1350,63
1347,63
1345,68
1342,01
1340,07
1342,95
1348,81
1353,52
1356,09
1359,42
1366,67
1375,87
1382,27
1382,48
1377,2
1370,01
1364,32
1361,66
1362,11
1364,49
1366,34
1364,76
1360,72
1355,84
1353,76
1353,44
1354,19
1355,15
1356,39
1359,11
1363,76
1369,71
1372,63
1370,6
1365,08
1358,98
1355,62
1355,97
1359,88
1365,18
1369,58
1371,66
1370,94
1368,35
1365,62
1364,47
1366,67
1369,34
1369,31
1368,82
1369,56
1371,34
1374,38
1373,39
1371,23
1370,65
1371,82
1375,46
1378,88
1381,31
1381,37
1381,26
1380,32
1377,76
1375,1
1372,28
1369,26
1366,82
1366,09
1367,47
1369,82
1370,77
1367,27
1361,23
1356,77
1355,29
1358,75
1366,13
1375,64
1385,83
1393,61
1396,91
1397,84
1398,24
1397,78
1395,79
1392,24
1390,46
1389,98
1389,38
1385,55
1379,96
1375,29
1370,41
1368,34
1369,21
1372,57
1376,86
1380,48
1382,86
1384,68
1387,79
1390,39
1391,54
1391,14
1389,52
1390,16
1393,65
1394,83
1392,61
1388,88
1386,45
1387,85
1392,51
1395,36
1392,86
1389,9
1389,91
1392,5
1394,56
1393,07
1391,17
1393
1399,98
1408,24
1413,06
1416,52
1420,48
1423,98
1424,04
1421,04
1417,37
1414,14
1413,33
1412,89
1408,4
1402,75
1396,23
1392,01
1389,93
1387,62
1385,88
1386,53
1389,04
1393,25
1396,91
1398,25
1398,28
1397,12
1395,39
1392,89
1390,28
1388,11
1385,72
1381,96
1376,64
1371,3
1367,94
1363,95
1358,02
1353,55
1350,75
1352,33
1355,69
1357,41
1356,23
1352,65
1349,42
1347,45
1346,84
1345,22
1342,21
1339,08
1340,38
1345,74
1349,32
1348,71
1345,43
1342,17
1341,7
1342,05
1340,35
1338,51
1339,46
1342,96
1348,19
1352,2
1355,89
1358,94
1357,57
1352,03
1345,7
1341,36
1337,99
1333,69
1326,85
1320,67
1319,84
1321,19
1325,41
1329,05
1330,63
1333,84
1338,65
1342,87
1346,18
1351,16
1358,7
1364,88
1365,11
1360,85
1356,84
1352,68
1350,86
1349,42
1343,35
1334,88
1328,89
1328,13
1330,86
1330,74
1324,72
1321,38
1325,83
1329,31
1330,34
1329,13
1326,53
1327,77
1328,63
1327,98
1330,65
1334,14
1337,24
1344,12
1350,38
1353,72
1361,66
1367,88
1363,78
1352,59
1337,38
1325,79
1321,12
1315,62
1315,98
1326,36
1334,87
1342,35
1352,11
1351,3
1342,9
1339,03
1339,9
1337,8
1340,43
1350,18
1365,23
1372,53
1361,48
1352,39
1345,18
1338,82
1344,98
1362,11
1368,52
1369,08
1385,05
1401,64
1402,49
1396,82
1393,59
1394,38
1380,39
1367,23
1380,54
1398,54
1396,31
1390,42
1396,45
1392,9
1394,54
1417,97
1436,78
1432,6
1455,22
1520,76
1567,7
1546,75
1508,59
1532,2
1560,99
1502,87
1405,3
1335,41
1342,32
1430,77
1463,17
1260,27
952,6
1012,96
1336,15
1344,39
971,24
488,6
531,52
1178,26
1583,28
1047,26
12,88
-90,68
839,94
1835,28
2246,79
1365,64
279,8
13,63
5,03
3,43
1,96
1,61
1,22
0,59
1,68
3,48
2,77
0,05
-0,63
2,25
4,9
3,37
0,59
-0,4
1,19
2,14
2,69
2,86
1,14
-0,96
-1,25
1,77
3,76
2,95
0,46
-0,88
0,92
3,48
3,95
2,88
0,71
-0,98
0,08
3,2
5,26
2,52
-2,31
-1,18
2,63
4,56
2,88
1,68
1,11
-1,09
-0,06
4,44
8,27
3,38
-4,78
-3,24
4,9
8,17
0,74
-2,6
1,64
1,63
-0,37
2,49
7,77
4,81
-7,25
-8,07
6,1
12,49
1,78
-8,06
-1,44
4,68
2,41
2,64
5,69
5,45
-5,99
-6,86
9,03
14,45
2,1
-10,87
-4,44
5,33
3,49
4,29
5,6
1,65
-8,69
-5,96
16,28
15,76
-3,26
-13,16
-1,65
10,52
1,67
1,21
8,47
0,37
-13,94
-8,76
21,83
26,4
-7,81
-23,64
-3,34
22,1
8,19
-7,03
4,06
4,34
-8,46
-17,84
17,95
33,88
1,22
-28,22
-19,48
30,47
33,16
9,03
-5,66
-34,59
-29,65
-33,06
9,86
17,94
4,29
7,27
36,33
70,8
30,89
3,9
-21,78
-27,12
-0,2
-5,75
1,02
-29,83
-41,47
21,7
57,99
39,23
-45,67
-72,32
-51,83
-6,64
0,25
-4,45
11,24
26,05
104,38
377,19
765,51
1169,69
1506,36
1686,25
1755,42
1799,75
1853,33
1904,43
1946,84
1981,97
2009,54
2030,75
2049,12
2062,88
2068,36
2067,88
2065,59
2061,2
2052,05
2039,09
2025,43
2013,7
2008,16
2007,81
2006,03
2005,6
2011,94
2023,36
2037,56
2048,64
2054,38
2056,23
2053,88
2048,98
2041,89
2033,18
2027,97
2025,29
2022,87
2018,41
2011,85
2006
2002,6
2000,37
1997,63
1995,4
1995,12
1994,81
1994,04
1992,57
1988,73
1986,71
1988,33
1990,8
1994,2
1999,16
2003,52
2005,89
2004,07
2000,07
1995,78
1990,71
1985,79
1980,1
1974,72
1972,49
1973,34
1972,81
1970,23
1966,35
1963,94
1965,15
1965,59
1964,44
1963,4
1962,91
1963,88
1963,85
1961,37
1957,82
1954,04
1952,4
1950,59
1946,89
1944,95
1943,99
1943,85
1941,6
1936,17
1930,18
1926,15
1922,03
1917,84
1912,3
1909,62
1910,49
1912,01
1912,99
1912
1910,89
1913,06
1914,61
1912,74
1910,57
1908,01
1907,22
1907,7
1907,1
1903,35
1897,22
1889,9
1884,12
1882,63
1883,2
1883,31
1880,45
1875,45
1871,94
1873,67
1879,57
1886,23
1889,32
1889,59
1890,78
1894,11
1898,08
1903,01
1906,36
1905,89
1903,38
1898,15
1891,49
1889,31
1891,9
1895,38
1898,05
1897,05
1895,22
1895,88
1898,69
1900,29
1896,85
1892,26
1891,3
1892,44
1896,86
1902,52
1903,58
1901,93
1900,65
1899,04
1901,2
1906,97
1909,79
1907,69
1903,45
1902,86
1903,44
1902,56
1899,19
1893,44
1890,15
1893,39
1898,34
1903,18
1907,9
1911,6
1916,11
1921,56
1924,93
1929,86
1934,86
1935,28
1930,14
1923,78
1919,36
1916,42
1912,16
1906,12
1903,32
1906,14
1909,8
1910,67
1908,68
1906,53
1909,06
1911,7
1909,84
1906,97
1910,1
1920,31
1927,28
1926,48
1921,43
1917,4
1918,52
1917,2
1908,4
1896,42
1887,8
1887,09
1887,11
1884,69
1881,68
1880,93
1884,14
1885,96
1884,86
1883,64
1885,13
1888,17
1889,38
1889,89
1894,1
1896,23
1896,12
1894,02
1889,6
1889,52
1893,31
1897,42
1899,93
1899,64
1898,63
1897,43
1893,68
1888,35
1882,72
1877,61
1874,71
1873,63
1876,26
1881,07
1885,81
1890,52
1894,24
1896,69
1898,32
1897,81
1896,69
1896,24
1895,1
1895,18
1896,13
1893,13
1886,1
1881,04
1877,51
1876,06
1875,72
1874,83
1873,09
1874,57
1878,93
1882,79
1881,1
1877,86
1878,9
1884
1889,89
1892,78
1894,64
1897,27
1899,02
1900,74
1898,02
1890,76
1884,88
1883,66
1881,53
1875,37
1870,04
1869,48
1871,95
1875,61
1877,62
1878,9
1882,27
1885,15
1887,44
1889,4
1890,54
1889,8
1888,69
1886,37
1884,2
1883,86
1881,23
1876,7
1874,8
1879,16
1885,92
1889,17
1887,63
1883,03
1878,26
1874,52
1872,72
1873
1873,33
1871,06
1869,79
1869,3
1870,46
1872,94
1875,55
1879,67
1884,04
1886,34
1886,41
1881,14
1873,13
1869,05
1868,88
1868,15
1864,9
1858,6
1852,66
1850,36
1852,88
1857,63
1860,72
1861,39
1861,68
1860,67
1858,89
1858,26
1857,86
1860,48
1864,32
1865,24
1863,79
1861,33
1857,77
1852,7
1844,15
1833,82
1825,63
1821,74
1822,32
1821,41
1816,94
1810,42
1803,79
1797,21
1791,75
1790,31
1792,32
1795,79
1800,16
1801,23
1801,73
1802,12
1798,56
1794,08
1790,83
1787,1
1786,29
1790,46
1795,64
1799,28
1800,14
1799,8
1799,64
1797,86
1793,94
1789,08
1782,91
1777,85
1776,92
1778,8
1783,14
1788,24
1791
1791,1
1789,24
1789,05
1791,48
1792,65
1788,66
1781,47
1774,26
1769,41
1769,27
1771,33
1771,09
1770,56
1770,05
1766,9
1764,82
1764,07
1763
1767,96
1775,88
1779,28
1781,65
1782,14
1780,04
1779,32
1781,14
1783,15
1783,22
1778,48
1774,88
1775,77
1775,14
1775,28
1774,98
1773,2
1774,91
1776,98
1777,56
1780,18
1779,22
1773,31
1772,85
1774,67
1772,17
1772,98
1777,13
1780,48
1783,9
1783,6
1779,3
1774,91
1771,64
1775,22
1780,79
1777,68
1777,48
1787,28
1791,3
1787,13
1783,68
1782,49
1780,22
1777,06
1768,22
1764,27
1770,13
1775,01
1774,72
1766,01
1744,36
1730,59
1730,39
1727,2
1724,95
1725,43
1722,97
1717,34
1705,61
1690,8
1682,64
1681,96
1677,14
1670,77
1659,46
1651,4
1648,98
1647,15
1638,14
1619,29
1599,69
1599,82
1599,48
1575,19
1553,41
1555,78
1571,75
1569,56
1546,35
1541,67
1548,73
1548,53
1546,81
1512,8
1458,17
1456,85
1506,65
1521,26
1459,46
1409,91
1464,9
1547,86
1535,98
1443,84
1382,32
1400,76
1513,28
1569,23
1412,02
1207,3
1260,1
1518,72
1680,06
1549,84
1300,49
1387,84
1870,38
2224,79
2012,91
1470,92
1474,39
1721,8
1945,35
2013,33
1510,06
834,42
691,77
543,3
288,56
88,65
5,93
2,95
2,15
2,04
2,28
1,86
0,96
1,59
2,61
2,62
1,33
1,45
2,04
2,72
2,7
1,88
2,16
1,51
1,78
2,19
2,7
1,92
0,96
2,33
1,82
1,52
1,52
2,35
1,04
0,06
1,1
3,08
3,44
0,36
-0,14
2,08
3,86
1,12
-0,32
1,47
1,88
1,69
0,33
2,76
3,43
1,98
0,7
1,58
5,94
3,9
0,29
0,58
2,11
3,69
2,25
0,27
-0,06
2,05
1,57
0,7
1,88
2,5
2,99
2,05
0,14
2,04
6,19
1,96
-2,3
-0,02
3,44
4,11
-0,43
-1,53
1,96
4,5
1,65
2,04
6,01
4,1
-0,44
-1,78
3,32
4,07
2,93
-0,3
-1,71
0,72
2,62
7,67
3,89
-1,9
-0,16
9,02
11,66
-4,56
-6,74
6,7
10,99
-3,2
-14,15
5,2
13,22
-6,13
-12,32
2,51
30,44
8,28
-16,11
3,57
4,83
-2,61
1,03
12,82
20,45
-23,3
-49,03
-24,32
39,16
32,56
4,48
-1,94
15,2
26,44
21,63
7,38
-19,45
-30,32
-1,5
40,88
29,18
-44,06
-56,57
26,99
73,43
-6,53
-64,39
-61,35
27,39
31,42
-23,36
-16,11
181,64
557,15
1070
1727,83
2474,5
3147,68
3679,69
4129,68
4514,67
4814,18
5027,74
5188,28
5331,82
5473,95
5608,63
5733,91
5858,17
5982,15
6093,01
6184,55
6256,64
6315,91
6367,44
6413,26
6452,69
6486,36
6513,5
6535
6553,84
6570,24
6586,69
6604,34
6620,04
6633,35
6645,11
6658,3
6675,86
6697,08
6720,11
6742,82
6763,14
6781,06
6797,37
6809,97
6819,13
6825,92
6826,7
6819,14
6807,55
6795,52
6782,43
6766,46
6748,85
6732,36
6718,96
6712,55
6714,87
6723,69
6733,72
6741,94
6751,28
6763,2
6777,66
6793,96
6810,65
6827,59
6841,49
6850,23
6853,84
6853,14
6845,65
6829,96
6808,57
6787,83
6772,06
6764,98
6769,96
6783,06
6797,88
6812,45
6826,06
6838,56
6846,83
6849,62
6850,38
6852,75
6855,62
6856,56
6852,88
6843,22
6829,84
6816,09
6804,37
6793,76
6783,28
6770,44
6756,32
6745,06
6739,52
6741,64
6750,56
6759,06
6762,93
6766,9
6778
6797,49
6821,34
6842,2
6857,6
6868,6
6872,15
6864,32
6849,63
6834,14
6821,43
6812,38
6803,83
6790
6770,71
6751,64
6739,93
6739,76
6752,14
6776,27
6806
6834,75
6857,83
6874,38
6887,83
6903,16
6920,07
6937,21
6951,36
6953,98
6943,8
6920,5
6887,33
6855,61
6833,83
6821,14
6813,1
6808,37
6808,22
6813,96
6824,61
6837,78
6853,44
6869,41
6881,39
6887,92
6887,8
6883,98
6879,76
6875,47
6871,14
6866,53
6858,7
6845,39
6829,51
6816,04
6807,32
6801,38
6798,19
6796,3
6798
6801,67
6803,93
6806,32
6811,18
6819,81
6832,94
6851,18
6871,08
6889,31
6902,99
6911,73
6915,71
6913,9
6907,33
6898,7
6888,32
6874,22
6855,84
6836,79
6818,46
6801,62
6789,99
6784,88
6785,27
6792,17
6804,73
6819,4
6834,28
6847,24
6856,19
6862,13
6868,45
6878,47
6889,45
6897,66
6901,67
6895,75
6878,27
6855,97
6836,42
6822,39
6814,07
6813,51
6821,65
6833,03
6842,02
6846,12
6847,45
6852,49
6859,81
6865,07
6868,34
6869,3
6866,5
6858,77
6847,44
6837,08
6828,53
6822,28
6820,43
6820,83
6819,73
6816,02
6814,79
6819,78
6828,79
6836,21
6842,31
6849,93
6861,2
6872,54
6884,96
6897,53
6905,42
6906,42
6898,3
6883,8
6867,64
6851,27
6834,87
6819,3
6805,61
6793,11
6783,5
6778,72
6776,48
6774,31
6774,43
6780,79
6791,86
6803,18
6814,24
6826,45
6837,55
6843,87
6848,04
6852,66
6858,22
6859,54
6848,95
6827,67
6803,28
6781,43
6768,68
6768,01
6776,2
6784,38
6787,76
6788,05
6788,96
6792,02
6795,73
6798,75
6800,75
6800,3
6797,8
6795,11
6792,88
6788,07
6778,92
6767,91
6759,05
6754,22
6751,51
6749,71
6750,33
6754,26
6759,51
6766,58
6773,97
6781,29
6790,24
6801,25
6812,45
6818,62
6819,13
6816
6810,63
6804,44
6797,15
6790,17
6784,03
6775,74
6763,2
6747,88
6734,4
6728,26
6730,56
6738,57
6745,56
6745,52
6740,34
6739,29
6747,36
6762,07
6781,73
6802,62
6818,52
6825,18
6820,21
6805,05
6785,32
6765
6749,16
6741,18
6740,66
6743,68
6745,43
6743,17
6740,54
6740,26
6743,88
6749,94
6754,68
6754,68
6748,71
6741,14
6734,67
6728,52
6721,52
6717,62
6720,77
6728,39
6736,91
6746,39
6751,54
6754,1
6758,4
6763,63
6770,92
6781,19
6790,61
6797,23
6799,54
6798,6
6800,52
6806,39
6806,45
6795,4
6774,22
6749,33
6727,74
6716,75
6720,21
6728,14
6735,79
6741,9
6744,27
6747,73
6756,77
6769,11
6783,98
6803,68
6825,82
6843,63
6851,56
6849,16
6837,47
6821,56
6806,66
6791,83
6782,06
6774,61
6766,66
6762,91
6756,64
6743,46
6735,37
6739,64
6749,69
6756,12
6757,87
6761,19
6763,27
6761,26
6760,59
6759,36
6759,51
6756,35
6749
6745,3
6742,17
6736,33
6732,24
6725,52
6719,1
6716,89
6715
6707,58
6690,1
6670,72
6653,62
6630,09
6608,26
6589,49
6565,79
6546,05
6528,91
6510,06
6492,44
6473,46
6465,05
6466,45
6466,6
6465,78
6461,62
6454,66
6451,19
6447,72
6460,72
6484,88
6493,79
6491,82
6468,57
6418,9
6374,82
