2213,05
2210,52
2206,96
2202,04
2186,25
2179,35
2185,31
2184,97
2183,58
2196,75
2199,81
2193,28
2190,98
2191,73
2192,29
2191,63
2192,2
2194,46
2194,85
2193,85
2193,5
2192,11
2189,86
2189,62
2190,51
2191,4
2192,42
2193,04
2193,44
2193,04
2192,26
2191,53
2190,34
2190,46
2191,1
2192,36
2193,77
2194,1
2193,28
2193,18
2193,07
2192,03
2191,5
2191,65
2191,68
2191,85
2192,08
2192,1
2192,44
2192,55
2190,7
2189,81
2191,08
2192,04
2192,2
2193,57
2193,18
2190,53
2190,52
2192,25
2192,28
2192,7
2195,61
2195,16
2191,82
2191,71
2192,32
2189,99
2189,84
2193,19
2194,12
2193,25
2193,94
2193,7
2190,74
2188,49
2188,25
2188,44
2190,3
2193,67
2196,98
2197,37
2194,3
2190,75
2188,33
2187,84
2189,15
2192,68
2195,79
2196,52
2196,27
2194,32
2190,49
2186,96
2187,05
2189,11
2190,88
2194,28
2197,47
2196,92
2193,15
2190,4
2187,94
2186,33
2189,15
2192,86
2196,35
2198,4
2197,1
2193,78
2190,68
2188,4
2187,16
2188,85
2192,6
2195,79
2196,9
2196,63
2193,24
2189,11
2187,06
2186,48
2188,62
2192,93
2195,97
2195,53
2194,84
2193,83
2190
2187,86
2189,61
2191,12
2191,5
2194,49
2197,44
2195,47
2192,44
2191,23
2189,27
2188,36
2191,19
2192,68
2193,47
2195,74
2194,64
2191,01
2189,91
2190,42
2186,33
2187,18
2195,32
2196,46
2194,35
2198,77
2197,38
2185,19
2183,62
2191,2
2189,62
2190,65
2200,84
2200,49
2192,34
2192,28
2191,62
2185,75
2186,24
2190,14
2193,94
2196,38
2196,43
2193,96
2190,74
2188,06
2187,13
2188,07
2191,15
2194,77
2196,57
2197,82
2195,94
2191,8
2188,9
2187,54
2188,6
2191,55
2195,97
2198,01
2197,92
2195,88
2191,09
2186,21
2184,42
2185,5
2187,71
2192,75
2197,97
2200,08
2198,5
2194,09
2188,35
2183,57
2184,51
2188,46
2193,81
2198,93
2201,14
2197,87
2192,96
2190,08
2186,96
2186,17
2189,9
2193,53
2195,16
2197,36
2195,95
2189,84
2187,39
2187,29
2186,02
2189,02
2196,5
2199,12
2197
2195,71
2192,76
2187,35
2185,35
2188,82
2192,31
2194,59
2196,89
2196,75
2195,45
2193,95
2191,64
2188,64
2188,5
2188,9
2188,45
2192,32
2197,64
2196,94
2192,86
2191,79
2190,08
2187,18
2188,76
2193,23
2194,04
2192,55
2193,66
2193,8
2192,28
2191,44
2191,81
2192,88
2194,67
2195,62
2193,4
2191,35
2190,66
2188,42
2187,11
2191,75
2196,27
2194,06
2192,9
2194
2191,69
2189,53
2191,49
2191,85
2188,57
2189,01
2191,34
2193,66
2198,45
2201,84
2196,93
2190,28
2188,64
2185,53
2184,29
2190,82
2195,28
2194,87
2197,42
2198,13
2191,19
2189,15
2191,16
2186,27
2185,68
2193,88
2195,74
2192,3
2195,54
2194,19
2186,46
2188,23
2194,24
2193,04
2195,61
2198,91
2195,02
2191,73
2187,92
2184,62
2186,18
2192,87
2197,99
2198,41
2197,13
2194,42
2190,09
2186,79
2186,58
2187,28
2188,56
2191,82
2195,07
2197,21
2198,2
2196,93
2192,3
2187,12
2185,9
2186,62
2190,06
2195,91
2198,02
2195,74
2193,8
2192,54
2189,17
2189,71
2193,32
2193,06
2191,26
2193,75
2193,62
2189,82
2189,85
2190,34
2188,97
2191,32
2195,72
2196,52
2196,06
2196,14
2192,63
2189,71
2187,84
2186,56
2187,33
2191,4
2195,87
2198,05
2198,15
2196,78
2193,35
2189,1
2186,11
2185,8
2188,2
2190,89
2192,88
2195,58
2197,88
2196,9
2193,38
2191,31
2189,98
2188,2
2188,62
2191,49
2193,73
2193,56
2192,53
2191,62
2191,57
2191,9
2192,03
2194,42
2197,02
2196,74
2193,35
2189,76
2186,15
2182,87
2184,44
2191,07
2199,14
2203,71
2202,66
2196,98
2190,63
2184,94
2181,34
2182,72
2188,63
2193,56
2196,9
2200,42
2200,9
2196,25
2191,55
2188,05
2184,52
2184,18
2189,21
2194,05
2196,87
2198,73
2196,52
2193,02
2190,19
2187,39
2187,14
2190,53
2194,24
2195,8
2196,46
2195,02
2190,86
2186,52
2186,14
2189,36
2192,73
2196,03
2199,06
2199,1
2196
2191,55
2187,14
2184,02
2184,64
2188,2
2193,7
2200,59
2203,68
2199,68
2193,8
2188,06
2182,1
2179,92
2185,04
2193,28
2198,17
2201,26
2200,37
2194,83
2188,86
2184,63
2183,59
2188,86
2197,35
2200,52
2198,99
2197,04
2191,07
2181,54
2180,36
2187,98
2193,58
2196,91
2201,84
2202,39
2196,79
2190,21
2184,06
2178,84
2180,44
2187,33
2194,74
2204,15
2211,15
2205,52
2193,17
2185,09
2178,13
2175,07
2184,21
2196,52
2200,93
2203,48
2203,79
2195,25
2187,3
2186,59
2183,94
2182,13
2190,49
2198,09
2196,66
2197,79
2198,12
2190,55
2186,85
2190,23
2190,76
2191,18
2193,89
2194,5
2194,25
2192,33
2190,5
2190,55
2190,46
2190,31
2192,7
2196,27
2196,41
2194,01
2191,54
2187,78
2184,91
2186,47
2190,95
2194,69
2197,2
2197,93
2196,07
2194,23
2192,17
2188,77
2186,84
2188,26
2189,14
2191,08
2196,44
2199,38
2197,1
2194,74
2193,22
2187,86
2184,68
2187,85
2190,06
2191,33
2195,06
2198,16
2196,13
2192,82
2190,13
2188,06
2189,57
2193,33
2195,05
2195,74
2194,88
2189,18
2185,73
2189,27
2191,78
2194
2199,6
2201,85
2195,51
2190,71
2188,38
2183,86
2182,66
2186,65
2192
2198,07
2201,75
2200,56
2196,93
2192,6
2187,16
2183,57
2184,28
2188,98
2193
2196,07
2199,64
2200,78
2197,1
2191,2
2187,69
2185,76
2186,83
2191,16
2196,22
2198,67
2197,98
2194,31
2189,34
2185,57
2185,1
2188,82
2194,71
2200,44
2204,89
2202,13
2192,82
2184,04
2179,1
2178,19
2184,13
2196,43
2207,22
2210,36
2205,22
2194,69
2184,13
2178,15
2177,79
2182,17
2192,2
2201,64
2204,74
2204,2
2201,08
2192,04
2183,18
2181,09
2183,56
2187,53
2193,97
2201,03
2201,67
2197,37
2193,64
2189,98
2186,15
2185,71
2190,64
2193,9
2195,14
2196,31
2195,73
2191,96
2187,76
2187,21
2189,32
2194,12
2198,32
2200,16
2198,84
2194,09
2189,28
2185,12
2184,38
2188,1
2194,09
2200,14
2202,44
2200,64
2194,78
2187,68
2183,27
2183,54
2187,59
2193,52
2199,39
2201,32
2199,01
2193,13
2187,27
2184,65
2185,82
2189,7
2193,8
2198,67
2199,92
2196,28
2192,05
2188,87
2186,06
2185,52
2189,27
2194,08
2197,31
2198,38
2198,09
2194,76
2190,2
2187,92
2185,48
2184,97
2188,84
2193,78
2197,99
2200,75
2200,72
2196,62
2189,19
2181,38
2179,96
2185,55
2193,1
2198,31
2204,98
2206,74
2195,25
2182,39
2181,1
2183,79
2184,43
2191,62
2204,01
2207,39
2199,06
2189,16
2183,8
2181,79
2182,8
2186,95
2198,55
2208,8
2202,58
2191,58
2190,15
2189,16
2180,92
2181,15
2194,34
2200,67
2196,55
2198,51
2200,92
2194,32
2190,98
2186,4
2180,42
2185,36
2191,61
2191,26
2193,83
2206,43
2205,98
2190,09
2190,47
2190,09
2175,42
2177,19
2191,16
2195,28
2204,64
2215,67
2203,42
2183,43
2181,22
2176,86
2163,49
2185,93
2221,26
2213,49
2203,71
2206,2
2185,48
2159,22
2159,09
2182,56
2195,95
2215,42
2227,17
2224,5
2258,34
2261,71
2209,37
2173,32
2194,98
2192,49
2129,57
2168,24
2190,06
2107,38
2099,61
2148,79
2119,48
2026,13
2016,29
2016,47
2015,98
2015,58
2015,08
2015,3
2015,82
2015,4
2014,93
2015,01
2015,57
2015,74
2016,62
2016,81
2016,19
2016,45
2016,38
2015,98
2016,17
2016,25
2015,96
2015,72
2016,13
2016,3
2016,22
2016,19
2015,97
2016,18
2016,3
2015,96
2015,23
2015,08
2015,13
2015,7
2015,46
2015,88
2016,28
2016,38
2016,83
2016,6
2016,39
2016,28
2015,95
2015,88
2016,16
2016,42
2016,05
2015,99
2015,98
2016
2016,63
2016,21
2015,72
2015,41
2015,16
2015
2015,39
2015,32
2015,41
2015,22
2015,77
2016,12
2016,09
2016,46
2016,22
2016,09
2015,84
2016,02
2015,87
2015,49
2015,64
2015,84
2016,02
2016,18
2016,54
2016,24
2016
2015,58
2015
2014,71
2014,38
2015,34
2016,22
2016,24
2016,27
2016,33
2016,62
2016,58
2016,1
2016,12
2016,11
2016,23
2016
2015,66
2015,64
2015,69
2015,51
2016,16
2016,78
2016,44
2016,32
2015,96
2015,26
2014,68
2014,8
2014,82
2015,28
2015,7
2016,25
2016,88
2016,8
2016,23
2015,84
2015,46
2015,02
2015,07
2015,08
2015,2
2016,27
2016,58
2016,65
2016,12
2015,74
2015,64
2015,26
2015,03
2014,77
2014,84
2015,22
2015,88
2015,97
2016,2
2016,54
2016,37
2016,14
2015,49
2015,89
2015,38
2015,16
2015,58
2015,61
2015,77
2016,37
2016,66
2016,31
2016,57
2016,27
2015,86
2015,35
2014,79
2014,42
2014,46
2014,82
2015,84
2016,94
2017,32
2016,76
2016,62
2015,66
2015,23
2015,1
2015,18
2015,61
2015,8
2016,72
2016,77
2016,8
2016,46
2016,35
2016,14
2015,82
2014,83
2014,48
2015,15
2015,2
2015,78
2016,02
2015,49
2015,74
2016,04
2015,89
2015,87
2015,99
2015,9
2015,44
2015,48
2015,35
2015,47
2015,44
2015,9
2016,41
2016,85
2017,54
2017,14
2016,4
2015,23
2014,32
2013,66
2013,81
2014,53
2015,42
2016,8
2017,36
2017,78
2016,69
2014,78
2014,21
2014,75
2015,14
2015,92
2016,52
2016,68
2016,88
2016,17
2015,75
2016,25
2016,35
2016,01
2015,32
2015,26
2014,53
2014,24
2014,07
2014,59
2015,71
2016,36
2016,94
2016,87
2016,57
2016,34
2015,75
2015,04
2015,12
2015,08
2015,04
2015,93
2017,22
2018
2018,46
2017,97
2016,84
2015,86
2014,09
2012,78
2013,3
2013,96
2015,22
2017,28
2018,32
2017,57
2016,77
2015,45
2014,01
2014,2
2014,78
2015,6
2016,17
2016,39
2016,59
2016,47
2016,71
2016,47
2016,13
2017,03
2017,73
2017,08
2015,8
2014,26
2012,66
2012,4
2013,24
2015,92
2017,66
2019,16
2018,28
2016,43
2015,81
2014,52
2013,78
2013,97
2014,81
2014,84
2015,73
2017,97
2018,94
2019,1
2018,64
2017,23
2016,21
2014,88
2013,73
2013,1
2013,09
2013,45
2014,97
2017,28
2019,05
2018,82
2016,46
2014,35
2013,38
2013,81
2014,7
2016,54
2016,68
2015,68
2014,91
2015,45
2017,51
2018,42
2018,77
2018
2016,68
2015,16
2013,39
2012,44
2011,82
2012,32
2014,62
2018,68
2021,18
2020,64
2017,78
2014,3
2012,19
2011,73
2013,13
2015,36
2016,7
2016,78
2016,68
2017,62
2018,32
2019,13
2018,74
2017,61
2015,06
2012,94
2012,68
2012,26
2011,46
2012,57
2016,89
2020,13
2021,12
2020,53
2017,49
2012,23
2009,24
2010,64
2014,03
2018,24
2018,53
2015,25
2014,97
2016,89
2015,83
2016,64
2021,66
2022,07
2017,3
2013,61
2012,23
2010,29
2006,71
2006,27
2015,18
2026,72
2027,28
2022,91
2023,42
2015,93
2001,38
1999,72
2010,58
2018,37
2020,38
2020,93
2022,62
2022,31
2015,1
2008,31
2010,69
2020,05
2021,2
2015,59
2018,18
2022,18
2011,07
1995,61
2002,17
2023,06
2027,22
2023,3
2030,2
2028,76
2008,21
1994,53
1996,67
2008,86
2022,97
2024,1
2022,05
2033,55
2029,57
2003,19
1997,53
2013,92
2018,55
2019,61
2028,36
2023,14
2013,5
2007,57
1988,49
1990,83
2029,98
2043,86
2028,4
2036,67
2040,77
2000,66
1972,14
1985,03
1999,63
2015,06
2041,57
2050,49
2047,82
2038,14
1996,35
1964,01
1987,4
2016,84
2016,93
2047,34
2079,53
2026,42
1967,63
1983,88
1983,63
1973,57
2030,57
2073,3
2054,18
2058,06
2052,41
1972,95
1945,23
2045,16
2155,09
2251,36
2364,12
2423,32
2418,74
2390
2350,24
2305,48
2286,94
2303,31
2334,39
2363,71
2391,97
2401,91
2374,82
2330,89
2294,62
2278,81
2286,8
2316,34
2357,73
2397,07
2414
2389,95
2337,34
2294,22
2283,2
2290,26
2307,9
2351,13
2402,04
2410,58
2370
2334,86
2319,64
2286,38
2273,64
2322,28
2376,71
2384,99
2373,97
2373,03
2346,36
2302,63
2290,77
2317,73
2336,58
2329,53
2354,21
2396,46
2387,6
2326,78
2326,69
2364,39
2309,71
2274,84
2321,64
2368,62
2358,21
2347,91
2400,09
2454,2
2500,96
2458,51
2396,76
2419,88
2368,16
2268,07
2310,52
2411,2
2378,03
2372,39
2310,62
2118,08
1804,92
1693,95
1836,32
1839,08
1735
1876,83
1978,43
1806,58
1744,57
1727,66
1759,2
1828,09
1871,51
1901,34
1943,22
1978,22
1993,8
2009,51
2034,8
2071,79
2118,34
2161,71
2188,39
2203,39
2216,66
2231,36
2251,49
2278,48
2308,79
2340,14
2364,68
2379,27
2394,63
2412,63
2430,04
2451,18
2473,58
2492,92
2512,27
2526,14
2529,98
2532,88
2535,16
2536,38
2545,7
2555,46
2557,63
2561,62
2562,36
2561,76
2570,14
2575,58
2579,34
2588,28
2590,22
2590,28
2594,46
2593,46
2595,93
2603,9
2608,7
2619,02
2631,22
2637,92
2644,61
2641,1
2633,79
2639,77
2637,82
2633,53
2640,55
2635,25
2629,69
2635,5
2623,8
2621,16
2638,15
2633,42
2644,46
2663,02
2649,62
2663,16
2684,72
2656
2664,91
2704,39
2682,97
2648,91
2648,48
2653,94
2658,56
2661,12
2663,42
2661,61
2660,91
2668,76
2670,96
2673,77
2687,12
2685,91
2677,35
2685,67
2679,37
2661,08
2681,92
2695,29
2676,69
2706,95
2725,62
2682,33
2700,6
2721,56
2659,64
2674,68
2724,17
2687,68
2665,21
2663,31
2663,63
2668,25
2667,64
2664,26
2660,93
2654,15
2654,48
2658,72
2660,33
2670,46
2671,73
2659,91
2661
2665,4
2670,46
2703,55
2726,82
2708,7
2717,31
2746,47
2730,89
2688,02
2683,73
2691,34
2696,73
2701,03
2705,17
2703,97
2700,22
2699,11
2703,46
2713,78
2723,52
2723,55
2717,06
2715,65
2712,5
2703,62
2702,66
2705,15
2704,52
2706,38
2707,17
2707,85
2705,71
2700,18
2701,22
2703,95
2701,08
2697,16
2693,17
2689,12
2689,36
2691,32
2691,95
2691,98
2690,67
2689,82
2691,76
2692,8
2692,1
2692,3
2691,47
2691,44
2692,42
2691,9
2691,78
2694,93
2695,75
2696,18
2697,74
2695,89
2691,06
2687,83
2688,84
2689,32
2688,11
2685,2
2681,87
2681,38
2681,27
2680,24
2678,02
2675,59
2673,97
2672,94
2671,62
2672,02
2669,82
2664,42
2660,84
2659,45
2660,22
2661,33
2662,67
2663,5
2665,74
2670,78
2673,22
2670,98
2667,03
2658,96
2653,92
2657,68
2660,33
2656,55
2650,99
2646,5
2646,3
2650,39
2651,78
2650,2
2648,93
2651,16
2656,1
2661,7
2666,19
2667,25
2666,84
2670,44
2672,1
2666,53
2661,44
2658,57
2659,6
2662,87
2663,12
2658,78
2652,57
2645,82
2643,04
2647,59
2652,47
2649,08
2640,18
2637,3
2640,12
2640,94
2643,1
2643,73
2638,49
2631,6
2625,48
2617,3
2615,73
2621,95
2628,5
2637,46
2645,93
2648,82
2644,17
2641,91
2644,03
2641,68
2636,48
2634,86
2633,39
2630,37
2631,98
2638,6
2646,21
2648,07
2643,52
2636,75
2634,98
2632,21
2624,56
2616,38
2606,18
2595,09
2588,52
2581,52
2579,3
2581,77
2575,55
2571,47
2575,06
2572,36
2562,66
2554,65
2548,06
2546,72
2556,58
2563,76
2560,16
2559,02
2562,94
2557,38
2552,49
2555,79
2550,34
2552,01
2565,42
2562,99
2559,18
2562,56
2555,31
2542,07
2535,12
2526,1
2515,88
2515,88
2524,65
2522,51
2517,78
2530,97
2528,04
2503,31
2498,37
2490,21
2470,09
2492,55
2504,38
2458,46
2477,01
2515,53
2471,06
2440
2457,8
2452,75
2443,6
2464,87
2448,04
2435,36
2455,88
2431,07
2427,6
2459,97
2427,83
2440,06
2493,12
2474,78
2451,2
2448,53
2439,82
2433,91
2435
2435,6
2439,38
2447,73
2450,61
2445,54
2435,37
2428,04
2429,08
2435,03
2443,1
2447,35
2441,5
2428,32
2412,82
2399,66
2395,88
2402,92
2412,76
2419,04
2415,58
2402,16
2385,41
2376,44
2379,07
2391,34
2402,85
2400,74
2388,58
2369,93
2349,02
2338,8
2338,54
2343,22
2350,39
2351,48
2342,89
2333,59
2331,32
2341,67
2357,83
2366,84
2369,97
2365,6
2352,42
2339,73
2330,3
2325,92
2326,55
2324,06
2315,62
2301,68
2286,99
2281,38
2287,54
2298,15
2304,62
2297,12
2271,91
2238,38
2208,29
2189,72
2187,45
2189,25
2178,21
2150,44
2106,97
2064,98
2041,51
2040,54
2063,69
2082,02
2070,04
2039,84
1991,49
1932,82
1901,8
1895,89
1902,88
1918,89
1904,94
1854,36
1804,62
1755
1731,18
1773,2
1820,41
1834,04
1819,66
1731,22
1625,7
1577,32
1552,86
1540,86
1577,59
1599,07
1570,72
1553,93
1522,46
1465,6
1460,44
1504,87
1562,85
1642,03
1701,51
1726,67
1762,88
1818,58
1929,7
2076,38
2165,93
2189,47
2221,76
2262,35
2263,61
2257,04
2284,34
2323,69
2344,07
2347,27
2346,56
2342,22
2338,54
2336,55
2335,64
2339,48
2343,04
2342,88
2342,24
2343,76
2340,49
2333,29
2335,3
2340
2339,32
2340,23
2343,26
2344,52
2343,69
2343,23
2340,29
2336,12
2339,04
2337,84
2331,32
2338,3
2346,61
2344,44
2343,44
2348,05
2344,5
2333,95
2334,05
2330,98
2328,4
2340,21
2347,19
2343,29
2343,64
2352,47
2340,57
2325,31
2336,61
2338,58
2336,35
2346,19
2346,43
2341,32
2342,08
2342,84
2324,93
2325,18
2356,55
2344,61
2329,89
2360,64
2395,9
2392,24
2372,06
2387,54
2377,38
2344,44
2330,29
2311,34
2301,62
2277,04
2247,78
2216,45
2236,37
2235,44
2189,55
2174,63
2173,65
2176,12
2176,22
2173,8
2176,97
2177,81
2170,97
2164,21
2162,76
2162,26
2162,09
2162,7
2163,16
2164,05
2164,73
2164,73
2164,52
2163,66
2163,43
2162,93
2163,04
2163,58
2164,33
2164,24
2164,19
2165,26
2164,76
2164,6
2164,33
2164,18
2164,96
2164,07
2163,46
2162,77
2162,28
2162,63
2163,27
2163,64
2164,37
2164,91
2164,59
2164,08
2164,04
2163,2
2162,4
2162,4
2162,9
2163,7
2164,83
2164,8
2164,93
2164,83
2164,28
2163,74
2163,18
2162,75
2162,8
2163,3
2163,51
2163,42
2163,53
2163,41
2163,63
2163,72
2163,68
2163,74
2163,76
2163,26
2162,99
2163,34
2163,36
2163,52
2163,81
2164,14
2164
2163,95
2164,07
2163,62
2162,96
2162,86
2163,11
2163,14
2163,04
2163,38
2163,85
2163,94
2163,81
2163,64
2163,3
2162,98
2162,23
2163,16
2163,86
2163,98
2164,55
2164,66
2164,86
2163,97
2163,69
2163,53
2162,81
2163,15
2163,45
2163,41
2163,4
2163,99
2163,91
2163,97
2163,97
2163,7
2164,03
2164,61
2164,12
2163,39
2163,45
2162,95
2162,78
2163,15
2163,15
2163,95
2164,66
2165,04
2164,74
2164,05
2163,86
2163,52
2163,17
2163,01
2162,96
2162,84
2163,5
2163,8
2163,82
2164,33
2164,46
2164,16
2163,11
2162,6
2162,58
2163,25
2163,82
2164,17
2164,37
2164,18
2163,76
2163,62
2163,28
2163,16
2163,26
2163,48
2163,42
2163,32
2162,89
2163,02
2163,13
2163,38
2163,86
2163,87
2163,96
2164,01
2163,53
2163,57
2163,16
2162,49
2162,52
2163,24
2164,06
2165,13
2165,44
2165,28
2164,92
2164,02
2163,25
2162,13
2162,31
2162,45
2162,73
2163,6
2164,58
2164,65
2164,83
2164,56
2163,72
2163,19
2162,72
2162,29
2162,73
2163,18
2163,84
2164,31
2164,99
2164,73
2164,34
2163,4
2162,69
2162,6
2163,37
2163,61
2162,63
2162,12
2162,14
2162,07
2162,8
2163,91
2164,86
2165,68
2166,22
2165,26
2163,66
2162,12
2161,27
2161,18
2161,9
2163,93
2165,33
2166,09
2166,2
2165,24
2163,53
2161,72
2160,47
2160,52
2161,57
2163
2164,86
2166,22
2166,19
2165,76
2164,7
2163,69
2162,13
2161,72
2161,56
2161,99
2163,17
2164,6
2165,54
2165,86
2165,48
2163,98
2162,29
2161,29
2161,05
2161,98
2163,46
2164,49
2164,54
2164,24
2163,63
2162,94
2162,13
2162,14
2162,72
2164,06
2165,09
2165,49
2165,25
2164,26
2162,56
2161,67
2161,7
2162,48
2163,72
2164,54
2165,29
2165,93
2164,88
2163,1
2161,43
2161,07
2161,47
2162,3
2163,98
2165,96
2166,68
2165,77
2164,36
2162,45
2161,11
2161,66
2162,51
2163,77
2164,98
2165,88
2165,13
2163,67
2162,44
2161,34
2161,14
2162,17
2163,31
2165,06
2166,2
2165,47
2163,54
2162,22
2160,93
2160,78
2161,39
2162,82
2165
2167,06
2167,58
2166,17
2164,78
2162,62
2160,43
2160,42
2161,65
2163,35
2165,42
2166,88
2166,26
2165,01
2163,58
2161,83
2161,13
2161,54
2162,52
2163,57
2164,79
2165,97
2165,67
2165,14
2163,76
2162,76
2161,76
2162,39
2163,82
2164,37
2165,15
2164,69
2163,32
2162,21
2161,67
2161,78
2162,59
2164,01
2164,45
2164,9
2164,2
2163,32
2162,25
2161,2
2161,57
2162,46
2164,76
2166,31
2166,7
2166,37
2165,13
2163,15
2161,08
2161,01
2161,45
2162,32
2163,99
2165,26
2166,21
2165,9
2164,84
2162,77
2160,93
2160,68
2162,27
2163,7
2165,13
2166,16
2166,3
2165,14
2162,9
2162,03
2162,02
2163,01
2164,64
2165,31
2165,66
2164,87
2162,96
2160,81
2159,41
2159,95
2161,44
2163,36
2164,98
2166,32
2165,85
2163,62
2162,02
2160,86
2160,74
2161,78
2163,27
2165,36
2167,17
2167,44
2165,85
2163,96
2162,32
2161,04
2160,33
2161,48
2163,9
2165,74
2166,33
2165,56
2163,94
2162,2
2160,89
2160,41
2161,42
2163,16
2166,09
2167,48
2167,28
2165,7
2163,35
2161,26
2159,99
2161,78
2164,26
2166,29
2167,32
2167,13
2165,07
2161,55
2158,78
2158,34
2160,06
2162,25
2164,6
2166,68
2166,6
2164,83
2162,21
2160,46
2159,74
2160,51
2162,38
2165,01
2167,8
2168,43
2167,17
2164,76
2162,76
2160,85
2160,02
2160,14
2161,55
2165,11
2167,47
2167,35
2165,96
2163,87
2160,7
2157,75
2158,12
2161,61
2165,76
2168,74
2168,98
2167,63
2165,32
2162,07
2158,89
2159,4
2162,65
2166,76
2169,3
2169,46
2168,12
2164,26
2158,65
2155
2156,48
2160,82
2164,88
2167,27
2168,76
2168,4
2164,32
2158,96
2156,6
2158,71
2161,24
2163,21
2165,55
2169,43
2171,11
2167,59
2163,4
2161,08
2160,95
2160,37
2159,79
2162,31
2166,77
2168,44
2165,72
2162,95
2161,36
2159,5
2156,93
2157,86
2163,67
2169,4
2171,23
2168,5
2165,82
2163,07
2158,21
2155,33
2159,54
2168,37
2174,32
2173,04
2168,98
2165,64
2159,81
2152,56
2150,62
2155,94
2165,04
2169,98
2169,54
2169,34
2168,9
2162,3
2154,1
2153,13
2158,86
2163,96
2165,2
2167,26
2171,16
2172,01
2166,95
2159,22
2158,78
2162,97
2161,75
2159,49
2164,58
2170,12
2168,63
2162,57
2156,68
2156,97
2158,53
2157,97
2160,84
2170,15
2178,18
2173,96
2163,75
2159,36
2156,43
2151,55
2151,72
2159,21
2173,5
2185,8
2183,58
2171,96
2163,4
2155,44
2143,16
2138,07
2152,07
2170,8
2178,26
2176,55
2171,96
2167,29
2159,84
2148,84
2146,74
2161,26
2173,24
2171,08
2167,82
2170,39
2168,99
2159,1
2151,46
2155,16
2166,61
2174,35
2170,58
2166,69
2172,32
2170,74
2154,79
2144,75
2147,26
2151,55
2156,23
2165,08
2176,97
2187,34
2189,09
2175,2
2152,74
2141,61
2143,11
2145,58
2154,02
2171,28
2188,98
2196,27
2186,2
2167,4
2151,6
2141,71
2135,96
2137,84
2156,52
2185,05
2193,79
2178,48
2163,56
2153,61
2142,89
2140,04
2151,3
2176,72
2196,93
2190,91
2170,2
2156,84
2150,87
2140,31
2135,13
2153,62
2183,06
2197,05
2193,61
2178,41
2159,17
2148,1
2137,35
2128,79
2138,07
2160,96
2178,83
2185,52
2185,92
2183,21
2174,63
2164,91
2154,83
2142,44
2143,97
2158,22
2163,7
2167,32
2178,1
2178,29
2168,79
2170,33
2170,14
2152,45
2142,15
2154,44
2161,61
2156,11
2163,87
2179,33
2179,37
2158,33
2131,93
2141,17
2171,67
2175,94
2176,48
2201,33
2203,69
2162,22
2137,41
2146,48
2133,61
2119,17
2148,14
2177,33
2194,31
2212,19
2205,16
2175,66
2152,34
2122,62
2105,29
2147,11
2222,39
2299,25
2392,77
2483,93
2499,51
2467,08
2479,59
2502,47
2485,32
2495,09
2542,41
2565,15
2580,38
2585,91
2548,89
2520,45
2511,38
2472,24
2442,69
2492,22
2555,33
2546,9
2535,02
2565,89
2541,2
2468,71
2446,03
2451,89
2468,43
2546,69
2608,93
2582,55
2559
2556,3
2483,57
2404,08
2436,38
2499,46
2504,63
2531,7
2582,83
2559,82
2514,2
2517,85
2497,66
2441,46
2475,55
2550,93
2549,55
2509,67
2532,83
2557,24
2504,18
2481,95
2515,45
2495,1
2502,34
2537,34
2513,07
2506,33
2561,55
2598,18
2533,79
2567,92
2628,22
2501,43
2493,66
2697,31
2761,79
2541,95
2599,35
2844,52
2578,71
2261,04
2354,02
2325,13
1898,77
1933,29
2417,15
2356,92
2152,18
2296,95
2315,48
1883,02
1725,83
1727,35
1686,18
1833,75
1837,83
1630,46
1657,84
1627,05
1491,84
1679,28
1883,26
1770,01
1890,23
2200,19
1901,6
1706,43
1702,14
1703,74
1700,23
1701,86
1703,85
1700,74
1701,24
1703,82
1699,73
1698,98
1704,21
1701,62
1701,56
1707,09
1702,03
1697,59
1703,12
1699,88
1697,69
1707,01
1705,53
1702
1706,12
1703,31
1696,64
1698,98
1703,28
1699,45
1703,88
1708,35
1701,11
1699,57
1703,06
1697,95
1698,71
1707,23
1702,48
1698,01
1705,42
1700,48
1697,86
1707,74
1701,6
1695,68
1706,06
1705,84
1704,92
1721,76
1738,92
1744,31
1750,15
1762,67
1771,53
1780,08
1791,9
1800,23
1804,98
1808,52
1811,92
1817,5
1826,23
1832,88
1839,01
1845,67
1846,62
1845,8
1846,61
1846,69
1846,09
1848,1
1849,61
1850,72
1853,72
1856,56
1859,08
1862,4
1865,87
1866,32
1865,28
1864,31
1861,59
1859,85
1859,97
1861,47
1862,17
1863,88
1866,29
1868,57
1869,83
1868,19
1863,91
1859,72
1857,12
1857,54
1861,53
1869
1875,63
1878,68
1877,68
1874,58
1869,95
1863,8
1859,17
1857,16
1855,79
1853,23
1851,95
1850,34
1847,52
1844,87
1841,72
1837,6
1834,04
1832,11
1832,28
1833,83
1835,13
1836,23
1835,19
1833,24
1832,65
1833,79
1836,35
1839,44
1840,2
1836,98
1829,96
1820,34
1812,04
1808,34
1809,34
1813,02
1815,45
1817,66
1816,71
1812,24
1809,43
1806,38
1802,74
1800,03
1798,1
1795,64
1794,16
1794,05
1791,9
1790,23
1789,54
1787,9
1785,86
1786,83
1788,07
1789,24
1791,7
1792,49
1791,62
1791,88
1794,22
1796,9
1800,96
1804,06
1801,5
1797,59
1792,58
1787
1784,36
1783,52
1782,49
1783,76
1785,96
1786,14
1788,36
1790,51
1791,07
1791,4
1790,39
1788,12
1786,12
1785,72
1784,23
1782,94
1781,32
1779,46
1777,92
1779,56
1782,15
1781,71
1781,3
1778,93
1771,7
1764,72
1761,56
1759,44
1759,08
1761,48
1760,21
1754,59
1749,12
1747,07
1746,32
1747,04
1751,01
1750,33
1748,44
1750,5
1751,03
1751,11
1757,28
1759,58
1753,46
1751,32
1749,66
1743,6
1742,82
1745,37
1741,73
1743,65
1749,38
1743,52
1744,38
1751,47
1747,85
1739,72
1735,17
1729
1724,76
1729,82
1731,42
1733,13
1744,82
1747,64
1735,46
1728,39
1726,93
1720,84
1715,16
1720,67
1728,81
1729,92
1727,03
1720,52
1712,56
1711,24
1707,67
1691,98
1686,1
1693,62
1689,64
1687,33
1697,4
1696,12
1692,56
1698,38
1687,63
1680,07
1689,5
1685,31
1679,58
1690,45
1689
1676,95
1680,08
1682,19
1675,8
1677,41
1678,66
1668,1
1663,34
1652,85
1642,27
1648,18
1652,21
1653,29
1656,85
1648,81
1635,36
1629
1623,82
1623,39
1632,76
1635,41
1630,78
1635,9
1637,6
1625,68
1620,17
1620,04
1620,8
1624,54
1629,25
1631,58
1631,94
1631,73
1631,45
1631,01
1632,09
1631,88
1630,93
1631,09
1629,79
1628,96
1633,48
1636,49
1632,78
1627,86
1622,36
1619,6
1620,98
1626,34
1633,92
1640,02
1640,66
1634,7
1625,9
1619,58
1621,3
1629,82
1643,64
1655,01
1652,55
1639,79
1619,01
1598,96
1594,1
1605,77
1623,64
1641,38
1650,92
1644,37
1628,62
1610,37
1600,23
1608,27
1624,38
1632,46
1628,43
1613,83
1595,36
1577,9
1570,77
1573,65
1573,73
1576,56
1570,56
1541,4
1510,95
1488,35
1480,83
1499,25
1523,84
1534,5
1532,01
1522,02
1505,34
1500,27
1512,74
1525,02
1530,8
1530,92
1520,1
1510,62
1514,72
1517,1
1541,09
1575,97
1595,44
1617,15
1628,1
1610,02
1580,24
1564,35
1562,99
1569,26
1597,23
1621,71
1619,51
1618,73
1599,37
1552,56
1558,12
1573,18
1568,72
1639,8
1748,4
1823,53
1863,4
1986,82
2186,42
2335,49
2406,48
2482,44
2556,55
2574,85
2568,59
2581,69
2603,76
2601,66
2557,93
2531,93
2551,43
2548,92
2522,4
2536,92
2555,82
2539,09
2546,36
2550,28
2517,99
2508,12
2518,44
2516,1
2506,86
2504,7
2506,1
2512,42
2518,12
2516,4
2519,08
2522,58
2515,01
2504,69
2509,29
2518,39
2509,93
2506,44
2518,92
2522,2
2516,11
2515,74
2514,62
2504,65
2502,84
2511,19
2511,38
2520,73
2534,07
2527,32
2512,09
2504,66
2504,8
2494,48
2496,89
2510,87
2516,22
2536,26
2539,47
2521,47
2512,91
2509,42
2495,95
2472,58
2503,09
2543,84
2523,93
2518,09
2532,35
2525,26
2495,17
2485,69
2511,87
2510,37
2521,84
2525,96
2518,24
2571,76
2586,3
2522,99
2471,32
2515,66
2498,09
2366,62
2429,04
2493,83
2371,08
2332,03
2455,18
2488,98
2356,92
2337,66
2339,38
2339,21
2337,65
2335,94
2334,6
2333,79
2335,35
2337,61
2339,78
2340,77
2339,76
2338,02
2335,86
2334,32
2333,47
2334,19
2336,11
2338,03
2338,99
2338,98
2339,41
2338,46
2337,17
2336,44
2335,8
2335,72
2336,68
2337,32
2337,94
2338,07
2337,95
2337,36
2335,78
2334,74
2335,24
2336,33
2337,88
2339,2
2339,3
2338,91
2337,28
2335,32
2334,92
2336,03
2337,45
2339
2339,97
2339,81
2337,72
2334,82
2332,98
2332,52
2334,39
2336,99
2339,23
2340,7
2340,27
2338,82
2336,69
2335,25
2335,09
2335,25
2336,23
2337,61
2338,67
2338,49
2337,99
2337,18
2336,23
2335,35
2334,9
2334,67
2335,68
2336,78
2337,83
2339,08
2339,58
2338,53
2335,84
2334,59
2335,25
2336,25
2337,23
2338,67
2339,82
2338,73
2335,7
2333,24
2333,15
2334,44
2336,9
2340,38
2343,29
2343
2338,94
2334,93
2332,4
2331,64
2332,85
2335,96
2340,34
2341,92
2340,55
2337,8
2335,74
2334,57
2333,62
2333,65
2335,54
2337,72
2339,01
2339,34
2339,66
2339,31
2338,45
2336,06
2334,61
2335,08
2335,16
2335,48
2337
2338,76
2339,06
2336,94
2333,98
2332,95
2334,23
2335,62
2337,71
2341,95
2345,6
2342,73
2335,75
2330,87
2330,35
2331,1
2333,26
2339,69
2346,31
2345,98
2339,64
2334,4
2332,42
2330,46
2329,74
2333,26
2341,64
2345,6
2342,23
2338,98
2338,71
2335,3
2330,38
2331,97
2337,09
2338,94
2336,72
2336,31
2338,55
2338,79
2337,78
2337,39
2338
2336,28
2333,51
2334,25
2338,49
2341,01
2341,14
2339,5
2335,05
2331,62
2331,14
2332,56
2336,83
2342,71
2346,18
2343,99
2338,29
2331,5
2326,36
2325,8
2329,46
2337,72
2350,8
2356,7
2348,48
2337,75
2330,34
2324,96
2323,02
2328,58
2338,52
2343,73
2344,28
2342,11
2339,35
2337,05
2334,09
2331,34
2336,3
2342,33
2339,96
2336,47
2337,88
2337,16
2329,59
2330,16
2341,96
2344,3
2336,9
2334,54
2335,99
2336,45
2334,95
2336,61
2343,73
2342,19
2327,94
2322,78
2335,66
2344,24
2339,63
2344,15
2355,63
2345,3
2323,28
2316,82
2324,2
2332,25
2334,12
2338,07
2357,48
2368,61
2344,58
2316,48
2320,25
2332,16
2325,03
2328,86
2353,23
2361,11
2344,85
2328,33
2320,7
2324,3
2334,36
2339,22
2343
2354,24
2354,44
2331,42
2315,84
2323,79
2326,63
2324,6
2348,38
2372,17
2358,86
2338,8
2334,48
2321,62
2306,91
2321,61
2347,95
2352,18
2339,59
2336,57
2341,87
2334,46
2322,8
2334
2355,75
2352,26
2340,96
2348,82
2340,65
2307,91
2302,45
2318,85
2323,16
2343,97
2384,8
2382,5
2345,71
2333,07
2322,85
2295,95
2299,59
2361,11
2459,17
2551,99
2594,5
2607,9
2632,48
2641,03
2618,87
2605,72
2606,66
2602,71
2593,5
2589,4
2591,65
2594,4
2596,51
2597,57
2596,97
2595,12
2592,46
2589,57
2589,42
2590,33
2591,91
2594,81
2596,39
2595,1
2593,38
2591,27
2589,37
2589,32
2590,52
2592,18
2594,79
2596,51
2596,79
2595,41
2593,33
2591,58
2589,76
2590,2
2592,03
2594,66
2596,42
2596,5
2595,2
2592,02
2589,25
2587,44
2588,7
2592,54
2596,26
2598,72
2599,95
2598,41
2593,73
2589,4
2587,49
2587,54
2589,88
2593,56
2597,4
2599,18
2597,77
2593,44
2589,07
2586,72
2586,77
2588,91
2593,41
2598,15
2600,64
2599,73
2596,39
2592,37
2589
2586,65
2587,43
2591,45
2595,38
2597,34
2596,65
2595,39
2592,93
2589,36
2587,66
2589,78
2593,56
2596,5
2598,5
2599,38
2597,64
2593,01
2587,83
2585,68
2586,99
2590,53
2595,06
2599,17
2601,33
2599,11
2592,3
2586,01
2584,81
2586,18
2589,1
2595,33
2602,69
2605,61
2601,33
2594,26
2588,3
2584,19
2582,92
2585,6
2592,8
2599,9
2601,54
2599,13
2595,51
2591,56
2587,38
2584,93
2588,84
2595,61
2599,97
2600,74
2599,69
2597,68
2592,16
2585,81
2583,36
2586,95
2592
2595,24
2598,39
2601,46
2599,83
2591,47
2584,54
2584,08
2587,53
2591,16
2597,12
2605,14
2608,58
2602,95
2591,58
2583,76
2580,98
2580,76
2583,74
2593,18
2605,92
2608,94
2601,83
2594,95
2589,92
2583,72
2579,92
2584,94
2596,68
2605,35
2604,54
2600,06
2597,3
2591,9
2581,28
2576,73
2586,33
2597,16
2598,94
2598,68
2603,07
2601,37
2589,57
2580,57
2581,95
2588,49
2593,37
2596,69
2603,32
2608,99
2604,39
2591,17
2581
2578,53
2579,01
2581,57
2591,34
2607,2
2616,23
2611,03
2598,4
2586,32
2578,74
2574,89
2576,86
2590,04
2609,55
2617,4
2608,1
2596,8
2591,13
2578,27
2565,48
2574,25
2596,2
2608,88
2607,84
2606,72
2603,54
2591,05
2576,91
2571,88
2584,37
2600,12
2603,45
2603,7
2609,97
2608,23
2586,79
2571,5
2575,41
2578,78
2582,9
2597,13
2612,4
2615,66
2610,25
2600,82
2582,81
2574,99
2577,24
2573,16
2582,84
2606,05
2620,26
2613,74
2605,04
2602,07
2576,02
2558,93
2564,73
2576,93
2603,5
2621,11
2624,17
2612,08
2605,15
2590,3
2545,56
2550,56
2594,23
2615,9
2608,73
2613,11
2651,9
2650,09
2604,22
2530,58
2450,53
2445,38
2442,92
2388,47
2402,3
2442,4
2414,29
2353,28
2424,29
2458,92
2370,25
2336,66
2336,16
2335,28
2334,8
2334,45
2334,75
2334,81
2336,19
2337,47
2338,6
2339,81
2339,61
2338,97
2338,23
2336,91
2335,97
2335,95
2336,75
2336,99
2337,42
2337,21
2336,84
2335,81
2335,16
2335,44
2335,91
2336,72
2337,68
2338,6
2339,68
2340,08
2339,73
2339,01
2338,28
2336,44
2335,2
2334,87
2335,38
2335,63
2335,82
2336,38
2336,08
2335,98
2335,92
2336,2
2336,9
2338,44
2339,95
2340,5
2339,73
2338,05
2336,18
2334,9
2334,54
2335,06
2336,45
2338,13
2338,48
2337,34
2335,93
2334,94
2334,88
2335,47
2337,4
2339,49
2340,79
2340,74
2340,07
2339,11
2336,98
2335,66
2334,37
2334,13
2334,48
2334,93
2335,52
2336,59
2336,82
2336,73
2336,75
2336,37
2337,16
2337,58
2338,73
2339,53
2339,48
2339,26
2337,31
2334,99
2333,77
2334,04
2334,48
2336,25
2338,1
2338,9
2338,31
2336,28
2334,77
2333,52
2334,21
2336,46
2339,56
2342,75
2342,99
2340,93
2337,83
2335,22
2333,26
2332,19
2332,91
2334,59
2336,05
2337,45
2338,28
2338,22
2337,86
2337,47
2337,8
2338,34
2338,61
2338,14
2338
2338,1
2337,63
2336,59
2335,58
2334,68
2333,88
2334,16
2335,9
2337,9
2340,06
2340,56
2338,69
2336,12
2333,56
2334,33
2336,48
2339,56
2342,67
2343,39
2341,03
2336,65
2332,8
2329,11
2327,93
2329,6
2334,17
2339,21
2342,69
2342,53
2340,49
2338,05
2335,15
2334,28
2336,14
2338,41
2338,76
2338,49
2338,91
2337,77
2336,28
2335,91
2336,09
2334,95
2332,71
2333,22
2335,82
2338,15
2339,33
2339,75
2339,96
2338,53
2336,38
2336,01
2338,65
2339,83
2339,12
2339,36
2338,98
2334,82
2329,06
2326,14
2328,58
2333,68
2339,15
2345,22
2349,22
2345,75
2337,19
2331,16
2331,51
2332,6
2334,48
2337,35
2340,21
2340,92
2338,85
2335,98
2334,23
2333,92
2334,39
2335,36
2338,28
2340,51
2339,96
2336,93
2334,5
2336,37
2341,74
2342,87
2339,86
2337,55
2335,54
2332,84
2331,53
2334,78
2340,03
2337,84
2327,86
2327,2
2336,95
2340,38
2338,4
2345,04
2352,36
2344,55
2332,66
2329,1
2330,41
2331,77
2330,02
2332,2
2346,6
2355,73
2341,64
2327,37
2331,89
2332,42
2322,85
2329,39
2348,57
2350,55
2340,6
2337,38
2336,99
2336,58
2338,34
2337,57
2336,71
2342,02
2338,45
2324,04
2324,4
2333,09
2329,12
2330,07
2349,32
2356,63
2345,07
2340,82
2337,38
2325,33
2326,1
2340,64
2345,89
2340,44
2332,89
2328,62
2332,31
2333,04
2329,77
2342,32
2359,43
2347,57
2329,94
2339,38
2339,94
2314,55
2310,2
2333,8
2344,2
2352,26
2372,69
2362,85
2334,24
2326,4
2313,07
2292,33
2320,76
2393,54
2470,9
2550,1
2596,03
2601,24
2617,8
2637,99
2633,38
2624,42
2618,43
2614,96
2617,53
2619,74
2616,84
2616,95
2621,35
2623,02
2620,81
2621,32
2624,49
2625,26
2623,6
2624,11
2625,82
2626,47
2625,26
2623,05
2620,64
2617,62
2615,61
2615,77
2617,09
2619,1
2620,76
2621,3
2620,6
2618,63
2617,36
2617,95
2619,65
2622,07
2624,88
2626,14
2625,91
2623,63
2620,22
2616,86
2615,88
2617,25
2619,33
2620,93
2622,35
2622,19
2620,28
2618,27
2617,38
2617,76
2619,5
2621,93
2624,33
2625,91
2626,71
2625,62
2622,48
2619,83
2615,97
2613,25
2612,55
2614,2
2617,1
2620
2622,63
2624,74
2624,37
2622,39
2620,39
2619,11
2619,83
2621,66
2623,07
2624,75
2624,62
2621,86
2618,49
2616,29
2615,32
2615,93
2618,17
2620,17
2620,98
2620,44
2619,99
2620,16
2621,24
2622,98
2624,85
2626,36
2626,46
2624,35
2620,94
2617,84
2615,62
2614,23
2614,68
2616,33
2618,59
2620,71
2621,62
2622,37
2624,1
2624,11
2621,73
2619,76
2618,95
2619,23
2620,28
2622,08
2624,83
2624,95
2622,68
2618,36
2613,97
2612,54
2614,11
2615,99
2620,19
2625,64
2626,35
2623,83
2622,32
2622,82
2622,14
2621,08
2622,94
2625,06
2623,4
2617,86
2613,46
2612,09
2613,62
2615,78
2619,62
2624,61
2626,74
2624,08
2620,55
2620,87
2621,54
2620,67
2621,26
2622,73
2623,04
2622,06
2621,53
2620,96
2620,36
2620,99
2619,53
2615,54
2612,97
2613,89
2616,1
2619,2
2623,56
2630,26
2633,23
2627,83
2621,95
2618,79
2617,5
2616,09
2617,39
2621,49
2624,04
2620,11
2613,3
2610,77
2613,1
2615,14
2616,77
2626,45
2636,7
2633,28
2623
2618,53
2617,59
2612,35
2609,38
2618,96
2629,04
2628,8
2623,16
2619,87
2618,08
2613,71
2611,28
2615,86
2621,12
2620,58
2621,34
2625,66
2628,9
2628,25
2626,23
2627,4
2626,23
2615,02
2604,22
2608,51
2616,77
2613,4
2614,12
2631,38
2637,8
2619,09
2606,33
2613,92
2619,08
2617,82
2626,71
2640,33
2639,18
2623,71
2608,06
2602,28
2608,15
2617,31
2620,66
2628,93
2640,64
2633,06
2610,75
2600,79
2606,46
2610,29
2612,31
2628,03
2647,7
2647,94
2632,5
2620,15
2609,71
2600,07
2600,49
2615,34
2629,48
2627,07
2619,1
2618,71
2616,68
2611,24
2613,36
2626,12
2639,25
2639,9
2628,87
2621
2621,2
2612,25
2590,43
2594,26
2632,74
2648,01
2624,49
2614,44
2625,49
2616,96
2598,43
2607,63
2627,76
2640,75
2648,1
2622,12
2585,52
2612,79
2626,2
2578,72
2588,32
2657,3
2651,34
2601,7
2630,56
2643,33
2575,05
2550,87
2590,05
2593,8
2606,54
2695,82
2768,32
2815,87
2879,72
2875,95
2839,11
2870,04
2903,14
2876,42
2888,69
2938,28
2914,27
2899,5
2927,39
2883,2
2843,3
2874,88
2855,87
2755,93
2765,51
2805,98
2666,77
2605,78
2707,13
2676,1
2554,04
2602,65
2691,72
2577,21
2510,84
2535,32
2470,58
2401,6
2432,8
2409,28
2325,32
2397,58
2449,95
2308,8
2334,72
2499,4
2373,89
2252,88
2436,91
2520,24
2359,96
2333,03
2335,03
2336,08
2336,48
2335,84
2335,56
2336,92
2340,03
2342,79
2346,44
2347,87
2345,19
2340,21
2334,43
2329,23
2326,35
2326,39
2329,9
2334,82
2338,29
2338,36
2337,44
2336,6
2335,15
2334,76
2337,18
2339,84
2342,05
2342,96
2342,54
2342,3
2340,89
2338,32
2335,17
2333,09
2330,73
2328,13
2328,05
2330,48
2333,9
2338,26
2342,75
2345,93
2346,03
2343,4
2340,53
2338,24
2336,17
2334,35
2334,16
2335,68
2335,92
2333,42
2331,92
2332,45
2331,95
2331,32
2333,1
2336,97
2339,55
2341,13
2342,34
2343,64
2344,06
2342,26
2339,78
2337,6
2334,9
2331,26
2329,85
2331,33
2332,55
2332,84
2332,78
2333,61
2334,78
2337,46
2340,79
2344,62
2348,17
2349,5
2346,47
2341,1
2334,92
2329,49
2326,33
2325,98
2330,88
2337,67
2340,08
2337,97
2335,19
2332,85
2330,09
2330,32
2335,24
2341,53
2345,49
2346,72
2346,29
2343,92
2340,17
2335,04
2331,88
2331,85
2332,34
2331,7
2332,49
2335,01
2335,83
2334,36
2334,83
2338,92
2341,91
2341,03
2340,87
2343,41
2344,46
2341,46
2338,9
2337,01
2333,05
2327,26
2323,79
2326,43
2330,85
2333,41
2336,85
2341,75
2344
2342,13
2339,25
2339,14
2340,4
2339,23
2338,62
2342,05
2344,47
2340,06
2332,78
2330,56
2329,97
2326,79
2326
2329,83
2333,28
2335,62
2339,55
2344,86
2349,98
2351,85
2350
2345,48
2338,55
2331,99
2327,87
2326,43
2328,38
2333,21
2338,39
2339,18
2335,66
2330,47
2327,18
2327,61
2332,08
2340,15
2349,17
2353,71
2350,37
2343
2336,58
2332,72
2329,37
2331,31
2338,55
2341,49
2337,47
2332,72
2329,69
2327,77
2325,42
2329,62
2342,42
2352,03
2351,37
2347,66
2346,36
2342,3
2332,27
2326,5
2329,42
2331,59
2330
2330,32
2335,88
2339,67
2336,59
2332,24
2333,4
2335
2333,26
2334,3
2343,09
2351,94
2352,08
2350,55
2350,05
2340,36
2323,3
2313,94
2317,85
2325,54
2332,38
2341,46
2346,87
2343,13
2334,59
2329,32
2332,33
2339,16
2345,08
2351,05
2354,41
2351,19
2342,14
2331,52
2323,43
2319,85
2324,64
2332,99
2337,11
2337,21
2334,07
2329,98
2330,6
2336,6
2343,65
2349,66
2349,77
2343,52
2338,45
2336,02
2333,65
2332,23
2338,7
2344,33
2338,14
2330,22
2329,26
2328,32
2323,33
2321,73
2334,07
2354,52
2359,8
2348,99
2344,75
2348,73
2338,65
2322,82
2330,07
2343,02
2333,61
2322,4
2328,72
2336,19
2332,9
2330,41
2333,78
2336,54
2337,78
2334,9
2334,33
2347,72
2359,46
2350,76
2345,19
2352,85
2343,15
2318,8
2312,01
2319,76
2325,99
2332,8
2340,21
2341,64
2339,44
2331,13
2321,21
2329,57
2350,01
2359,14
2362,11
2365,01
2354,85
2336,51
2317,89
2299,62
2301,22
2323,75
2336,22
2345,64
2369,64
2369,01
2329,05
2309,28
2320,36
2316,23
2317,98
2351,9
2373,1
2367,35
2362,28
2344,9
2315,99
2312,79
2322,06
2313,6
2323,27
2356,41
2358,33
2340,17
2332,96
2325,29
2325,79
2332,98
2332,61
2349,01
2381,64
2368,47
2322,41
2325,74
2344,93
2312,65
2301,3
2337,45
2343,43
2325,94
2329,44
2324,45
2319,25
2345,46
2362,89
2346,54
2359
2385,25
2352,91
2313,39
2315,85
2323,25
2324,94
2322,33
2323,03
2353
2373,23
2335,37
2296,62
2322,24
2341,59
2310,33
2320,83
2375,07
2389,65
2362,52
2334,21
2320,77
2330,28
2329,77
2315,81
2328,93
2359,94
2357,94
2332,33
2337,7
2374,49
2409,78
2460,68
2548,05
2642,58
2713,14
2751,15
2765,73
2758,78
2726,9
2681,96
2649,17
2650,42
2682,68
2714,52
2739,05
2760,72
2750,75
2709,82
2677,82
2665,46
2668,23
2685,51
2707,82
2727,25
2740,76
2734,66
2686,19
2627,36
2623,9
2654,66
2655,97
2655,86
2705,48
2752,22
2722,03
2662,31
2659,32
2669,38
2637,01
2634,22
2685,88
2738,53
2753,78
2744,71
2716,35
2676,62
2659,13
2635,51
2616,14
2634,39
2668,05
2681,38
2695,48
2722,95
2717,44
2690,76
2677,68
2640,62
2616,31
2651,48
2709,27
2703,08
2719,5
2813,47
2824,97
2807,29
2846,5
2835,71
2794,9
2847,88
2990,49
3066,07
3172,28
3266,26
3202,05
3183,4
3272,73
3248,72
3113,24
3002,97
2900,1
2947,66
3016,86
2841,17
2623,03
2572,55
2420,68
2220,52
2383,17
2652,87
2541,79
2497,77
2704,83
2631,23
2412,61
2386,01
2388,13
2391,53
2398,11
2404,92
2411,77
2420,49
2426,85
2431,99
2437,3
2437,6
2432,86
2429,67
2430,5
2433,33
2436,68
2440,26
2444,39
2447,74
2449,85
2452,63
2455,54
2459,47
2462,53
2463,49
2466,34
2471,7
2477,98
2484,33
2489,24
2493,78
2501,44
2508,05
2514,13
2520,37
2521,84
2520,66
2521,71
2523,25
2525,24
2527,8
2528,01
2529,33
2530,33
2529,74
2532,23
2536,06
2539,46
2542,28
2542,94
2542,96
2542,11
2538,79
2537,08
2538,1
2539,79
2542,54
2545,12
2545,84
2544,14
2545,5
2550,99
2555,7
2560,5
2562,12
2559,57
2558,78
2558,28
2557,97
2562,37
2567,66
2568,13
2565,49
2563,02
2561,94
2564,45
2566,61
2567,3
2567,44
2565,2
2562,69
2561,64
2559,8
2557,68
2555,99
2553,94
2553,24
2551,41
2550,84
2553,48
2555,95
2557,05
2555,49
2550,61
2545,54
2542,95
2541,33
2544,7
2550,05
2549,25
2545,6
2542,52
2539,46
2538,88
2541,11
2543,53
2543,73
2541,74
2538,97
2536,39
2533,26
2532,83
2533,56
2533,03
2532,7
2530,86
2531,04
2531,88
2530,35
2528,47
2528,25
2527,86
2527,18
2526,45
2524,34
2524,79
2525,47
2525,88
2528,33
2527,3
2521,15
2515,67
2512,25
2509,95
2510,01
2510,09
2510,04
2510,78
2510,91
2511,3
2511,1
2509,42
2508,59
2508,68
2505,84
2502,37
2501,77
2503,43
2505,35
2505,56
2504,46
2500,46
2494,58
2491,63
2489,75
2488,9
2489,09
2488,43
2486,44
2487,09
2485,05
2482,77
2484,42
2484,22
2485,89
2488,55
2488,22
2488,46
2487,51
2483,42
2480,37
2477,24
2472,82
2472,55
2473,54
2472,99
2473,21
2471,46
2464,38
2458,38
2454,89
2453,02
2456,6
2460,88
2459,7
2457,56
2452,44
2445,69
2443,31
2444,88
2444,07
2440,95
2437,19
2433,37
2430,7
2432,56
2436,47
2440
2443,56
2441,81
2436,03
2432,32
2429,81
2429,75
2430,05
2426,01
2419,68
2414,54
2408,91
2407,3
2407
2404,49
2401,64
2395,5
2387,85
2384,4
2383,39
2384,4
2383,76
2384,57
2385,79
2384,98
2383,68
2382,23
2381,84
2384,9
2387,28
2385,48
2384,14
2378,76
2371,38
2372,03
2375,94
2382,34
2386,53
2382,54
2377,8
2376,42
2370
2368
2374,65
2375,25
2381,28
2388,73
2384,59
2377,71
2371,11
2359,28
2353,84
2355,47
2356,28
2354,22
2349,38
2344,4
2337,9
2335,58
2336,64
2336,88
2335,82
2334,32
2331,04
2327,4
2326
2325,86
2326,14
2329,59
2329,74
2325,09
2318,89
2316,12
2313,95
2309,02
2304,24
2295,4
2283,06
2273,46
2268,5
2267,82
2269,1
2266,69
2265,08
2263,96
2254,71
2245,77
2245,71
2245,4
2246,68
2253,12
2248,33
2237,82
2239,32
2237,97
2230,94
2231,81
2235,07
2230,99
2221,05
2209,49
2200,3
2197,95
2201,93
2207,2
2209,92
2208
2202,1
2194,15
2188,76
2188,47
2192,26
2194,94
2195,9
2195,05
2194,08
2194,3
2195,13
2197,96
2200,79
2202,9
2202,11
2197,44
2192,05
2186,78
2178,8
2168,79
2164,13
2162,63
2161,37
2160,29
2157,29
2151,27
2143,22
2135,46
2127,8
2121,1
2116,86
2114,21
2110,9
2104,25
2092,59
2076,21
2060,92
2050,82
2046,55
2047,07
2045,58
2036,92
2021,28
2005,41
1995,08
1993,66
2001,48
2013,03
2018,56
2015,11
2003,9
1986,18
1966,36
1948,32
1936,46
1933,07
1935,63
1935,52
1932,9
1928,14
1919,08
1911,44
1906,35
1901,94
1902
1904,06
1906,4
1912,48
1912,83
1905,12
1895,13
1884,4
1876,78
1873,23
1869,79
1864,57
1856,69
1843,97
1837,1
1842,78
1849,54
1857,29
1865,93
1861,98
1845,31
1829,62
1810,36
1788,64
1784,55
1784,58
1778,08
1781,21
1783,13
1775,89
1781,66
1783,86
1777,92
1795,35
1794,04
1758,24
1732,95
1693,23
1653,06
1660,94
1670,64
1656,8
1659,6
1639,49
1600,57
1606,78
1607,76
1571,04
1589,85
1622,17
1600,13
1611,14
1609
1538,66
1537,52
1623,5
1700,42
1808,36
2026,03
2245,92
2368,3
2448,95
2534,28
2615,67
2707,65
2780,79
2815,72
2836,9
2852,53
2834,46
2760,91
2693,42
2691,81
2695,42
2660,38
2650,23
2687,69
2698,45
2674,26
2681,44
2703,91
2704,14
2691,01
2678,15
2672,25
2679,28
2686,7
2682,75
2676,69
2682,75
2694,17
2692,23
2682,34
2680,87
2685,24
2682,02
2672,01
2666,66
2675,45
2691,91
2695,87
2686,78
2684,43
2688,08
2682,97
2668,54
2666,69
2678,3
2688,35
2699,83
2700,98
2685,13
2676,34
2675,89
2666,06
2657,41
2674,94
2699,16
2704,76
2709,77
2701,7
2671,47
2653,64
2667,47
2673,42
2652,99
2674,91
2717,78
2715,36
2704,1
2682,7
2633,42
2579,4
2561,87
2544,45
2517,87
2580,15
2615,22
2540,31
2536,96
2618,72
2611,33
2520,67
2506,37
2506,17
2505,74
2505,56
2504,88
2505,18
2505,99
2505,96
2506,36
2506,4
2505,71
2504,73
2504,33
2504,03
2504,76
2505,91
2506,45
2507,36
2507,54
2507,1
2505,97
2505,62
2506,79
2507,47
2507,78
2507,67
2506,34
2504,47
2503,43
2502,93
2503,73
2504,98
2506,16
2507,29
2507,5
2508,09
2507,89
2507,48
2507,64
2506,01
2504,26
2503,48
2503,83
2503,96
2504,59
2505,51
2507,19
2508,96
2508,59
2507,13
2505,33
2504,53
2504,55
2504,13
2504,82
2506,11
2505,98
2504,88
2504,83
2505,55
2506,62
2508,42
2509,26
2508,24
2506,46
2504,58
2503,49
2503,02
2503,73
2506,07
2508,88
2509,83
2508,29
2504,89
2502,08
2500,93
2500,72
2501,88
2505,31
2508,5
2510,16
2509,91
2507,82
2505,54
2504,98
2505,51
2506,69
2507,21
2506,64
2505,26
2504,71
2504,63
2504,75
2506,48
2508,53
2510,04
2509,27
2506,95
2504,99
2503,13
2501,86
2501,33
2502,39
2504,47
2506,49
2507,31
2506,85
2506,78
2507,14
2507,66
2507,76
2507,04
2505,64
2505,21
2505
2504,71
2505,71
2507,15
2508,78
2508,56
2506,43
2503,74
2503,38
2503,86
2504,31
2505,33
2506,39
2507,46
2507,7
2506,67
2505,3
2505,07
2505,99
2506,5
2506,2
2505,06
2504,95
2504,97
2504,44
2505,04
2507,42
2510,27
2511,51
2509,95
2506,56
2503,95
2502,94
2501,87
2501,58
2502,97
2505,34
2506,53
2506,72
2507,31
2508,33
2509,98
2510,59
2508,94
2505,46
2503,23
2502,43
2501,62
2501,38
2503,42
2507,64
2511,45
2511,61
2507,01
2504,11
2503,8
2502,84
2502,28
2503,8
2507,36
2508,35
2506,24
2503,9
2503,78
2505,99
2508,35
2510,37
2510,64
2508,2
2504,89
2502,92
2502,17
2502,17
2504,42
2508,45
2512,59
2512,58
2508,55
2503,48
2500,38
2499,62
2499,65
2501,57
2505,54
2509,02
2509,45
2508,08
2507,37
2506,81
2507
2508,16
2508,48
2507,41
2505,91
2504,42
2503,29
2503,12
2504,27
2507,23
2510,14
2510,7
2508,8
2506,26
2504,88
2503,1
2501,33
2500,75
2502,28
2505,04
2506,54
2507,27
2507,3
2507,58
2508,17
2507,86
2506,19
2504,82
2505,06
2505,43
2505,93
2506,82
2508,74
2510,25
2509,93
2506,6
2502,69
2501,13
2501,67
2503,22
2503,82
2505,35
2507,17
2507,29
2506,54
2506,37
2507,38
2508,71
2509,21
2507,45
2504,4
2502,77
2502,1
2500,89
2501,21
2505,12
2510,84
2514,38
2513,56
2509,66
2505,99
2504,38
2502,12
2499,4
2500,13
2503,77
2505,66
2505,96
2506,46
2507,96
2509,91
2510,76
2510,04
2507,1
2504,06
2503,26
2502,7
2502,47
2504,03
2507,07
2510,13
2510,55
2507,64
2503,23
2501,15
2502,63
2503,15
2504,2
2507,51
2509,27
2507,63
2504,2
2502,58
2503,72
2507,47
2511,04
2512,26
2510,72
2507,5
2502,63
2499,72
2499,35
2500,63
2506,14
2512,09
2514,38
2513,48
2510,22
2505,25
2500,13
2496,16
2495,59
2499,66
2504,48
2507,97
2510,24
2511,75
2511,05
2507,67
2506,49
2505,95
2504,65
2505,8
2507,93
2507,87
2507,08
2506,95
2505,57
2503,82
2502,96
2503,52
2505,19
2507,84
2509,46
2508,15
2506,08
2503,47
2500,66
2500,07
2501,92
2505,15
2509,03
2511,58
2511,55
2508,32
2504,56
2501,98
2500,59
2502,12
2506,29
2511,37
2515
2514,58
2510,64
2505
2500,05
2497,05
2496,73
2499,32
2502,38
2506,22
2509,83
2511,2
2511,02
2509,68
2509,3
2507,29
2503,76
2501,33
2502,28
2505,27
2506,46
2506,59
2507,88
2509,77
2508,37
2503,75
2501,04
2502,83
2507,38
2510,4
2509,78
2508,34
2506,87
2501,5
2495,79
2496,03
2501,8
2510,79
2519,06
2518,51
2510,04
2502,97
2499,75
2495,86
2494,42
2501,48
2514
2521,93
2520,92
2511,96
2501,59
2497,27
2495,01
2490,47
2491,91
2505,13
2516,26
2517,23
2515,06
2511,37
2506,77
2504,85
2506,36
2502,5
2498,58
2505
2511,44
2507,78
2503,32
2502,52
2503,25
2510,75
2514,06
2504,67
2503,6
2516,38
2515,33
2497,3
2489,11
2497,91
2506,37
2503,57
2498,86
2503,29
2514,38
2520,54
2512,5
2502,38
2507,48
2512,89
2501,76
2492,38
2496,43
2506,89
2519,45
2522,86
2512,18
2504,52
2509,02
2505,36
2484,07
2475,6
2498,11
2519,27
2517,62
2515,21
2519,77
2519,22
2512,89
2496,33
2477,22
2486,55
2515,14
2518,65
2503,28
2504,21
2516,26
2514,2
2508,13
2502,9
2496,87
2510,21
2533,45
2517,27
2481,55
2488,73
2510,1
2492,6
2471,81
2488,78
2515,56
2530,5
2549,18
2543,03
2501
2487,34
2504,34
2488,07
2466,25
2484,64
2513,68
2532,42
2538,44
2518,73
2498,13
2507,02
2513,67
2487,36
2474,88
2510
2532,2
2512,8
2495,88
2487,83
2487,29
2502,11
2518,97
2520,19
2519,37
2556,4
2611,48
2619,12
2612,72
2694,72
2851,99
3016,24
3180,06
3338,41
3485,1
3626,87
3771,11
3906,25
4016,48
4111,43
4224,78
4337,7
4387,44
4389,22
4409,73
4445,65
4465,26
4491,97
4518,99
4509,28
4484,45
4481,95
4509,89
4536,13
4531,68
4516,58
4519,07
4540,38
4561,35
4547,61
4527,94
4548,51
4576,83
4581,71
4582,14
4601,14
4614,14
4609,97
4609,64
4608,72
4593,76
4587,92
4595,4
4592,76
4589,7
4592,84
4586,4
4567,69
4555,36
4556,82
4572,03
4582,77
4574,97
4558,45
4544,69
4539,81
4549,63
4562,33
4567,38
4582,67
4605,5
4613,86
4596,56
4567,62
4550,8
4546,86
4548,54
4561,37
4583,34
4598,66
4599,23
4594,57
4586,9
4570,37
4559,07
4564,62
4579,62
4595,46
4609,13
4616,82
4604,26
4572,19
4554,13
4563,06
4577,53
4583,8
4588,73
4596,54
4598,41
4591,83
4590,88
4613,04
4643,13
4646,8
4626,66
4607,37
4591,6
4571,31
4557,52
4565,03
4596,25
4624,55
4616,95
4588,52
4577,26
4587,74
4586,82
4565,28
4561,06
4581,5
4594,55
4584,2
4568,39
4581,55
4616,1
4619,82
4585,41
4558,78
4564,61
4573,24
4562,97
4561,46
4569,24
4569,36
4576,02
4597,74
4624,38
4640,4
4623,55
4582,86
4569,2
4591,92
4607,21
4599,53
4598,95
4613,54
4618,38
4604,28
4585,71
4576,12
4570,18
4556,91
4551,06
4576,04
4625,53
4664,53
4665,19
4644,36
4637,31
4639,6
4627,73
4603,04
4583,09
4594,54
4625,12
4624,5
4593,96
4566,42
4557,53
4573,68
4596,28
4577,97
4548,76
4559,66
4562,34
4535,64
4520,47
4531,35
4554,26
4565,97
4537,74
4507,16
4544,6
4593,3
4569,1
4522,1
4517,56
4546,74
4587,01
4598,6
4574,26
4548,4
4540,3
4532,3
4517,66
4516,37
4537,29
4561,38
4564,57
4556,08
4550,92
4542,15
4532,72
4535,04
4552,74
4579,46
4597,18
4593,77
4577,32
4566,61
4564,38
4555,43
4540,48
4533,16
4538,61
4556,66
4576,87
4568,61
4534,88
4527,42
4548,17
4562,25
4584,61
4614,59
4620,38
4629,89
4665,9
4669,73
4639,26
4638,71
4656,08
4658,82
4662,63
4672,92
4673,45
4659,95
4649,78
4653,08
4649,24
4635,48
4641,93
4668,19
4685,4
4688,88
4689,4
4685,62
4684,04
4691,12
4689,14
4685,59
4697,28
4703,52
4701,6
4723,4
4743,76
4722,56
4696,93
4695,58
4702,87
4725,46
4770,16
4799,58
4782,34
4735,93
4697,26
4681,58
4695,19
4739,45
4770,08
4743,69
4689,28
4649,38
4626,92
4609,38
4610,74
4636,66
4655,35
4655,35
4638,19
4576,56
4497,33
4487,8
4516,3
4526,05
4529,96
4530,76
4526,98
4508,86
4485,96
4472,75
4478,05
4485,56
4455,39
4403,12
4377,41
4375,16
4363,36
4332,79
4305,26
4270,43
4183,75
4149,08
4258,03
4400,51
4294,61
4018,95
3934,49
3971,63
3956,06
3864,53
3817,38
3825,38
3801
3740,41
3686,6
3615,82
3535,69
3507,3
3490,04
3433,19
3327,86
3207,13
3210,02
3337,38
3292,23
2992,9
2726,09
2626,26
2625,3
2651,17
2655,1
2653,94
2665,01
2660,66
2637,9
2646,24
2711,28
2787,7
2804
2736,62
2624,44
2535,93
2501,78
2496,86
2497,72
2500,7
2505,27
2508,94
2511,46
2513,1
2513,84
2513,71
2510,83
2506,09
2502,92
2501,84
2500,8
2499,54
2499,93
2503,31
2505,99
2506,01
2504,82
2505,91
2508,74
2511,56
2513,24
2513,2
2511,78
2507,84
2502,27
2497,74
2496,61
2499,18
2503,09
2506,26
2508,6
2510,28
2510,28
2508,49
2505,73
2505,64
2507,77
2510,06
2509,88
2506,85
2503,36
2500,12
2497,07
2494,86
2497,83
2505,14
2510,11
2511,69
2512,94
2513,85
2512,87
2510,32
2508,83
2507,78
2504,24
2499,13
2497,62
2499,3
2501,7
2503,2
2505,63
2511,21
2514,74
2511,18
2504,72
2502,84
2505,37
2506,63
2506,71
2508,44
2509,01
2502,78
2495,21
2492,22
2495,51
2503,77
2512,7
2521,16
2524,73
2518,25
2507,05
2500,75
2498,16
2495,52
2497,1
2504
2511,57
2514,04
2509,85
2502,8
2499,49
2501,45
2503,91
2505,72
2509,05
2513,29
2512,94
2508,52
2502,13
2497,26
2499,15
2505,28
2508,87
2506,01
2503,3
2507,08
2509,6
2506,11
2503,89
2507,88
2511,47
2509,09
2504,23
2504,43
2507,38
2508,29
2507,57
2505,87
2504,13
2500,62
2496,66
2497,58
2501,71
2507,07
2515,08
2523,26
2523,56
2512,81
2496,62
2488,1
2490,37
2492,69
2500,13
2514,84
2522,41
2517,03
2507,63
2500,25
2495,32
2495,54
2505,69
2519,12
2519,97
2512,1
2507,04
2502,86
2497,19
2489,47
2487,59
2504,01
2525,93
2525,91
2507,91
2501,33
2508,31
2504,85
2493,42
2496,13
2507,47
2513,26
2510,8
2504
2497,3
2499,53
2507,37
2508,98
2510,06
2513,4
2505,85
2500,96
2509,13
2506,14
2496,84
2506,43
2515,01
2515,04
2521,28
2512,3
2486,21
2486,1
2508,5
2502,28
2486,33
2509,12
2532,71
2518,54
2502,03
2497,51
2486,36
2495,68
2520,77
2513,54
2499,09
2522,92
2531,33
2495,08
2470,72
2476,33
2494,39
2516,36
2529,64
2527,8
2534,56
2545,29
2512,34
2461,63
2464,63
2493,42
2491,94
2487,91
2510,06
2531,15
2536,29
2532,17
2514,81
2488,45
2481,22
2494,02
2495,95
2493,29
2514,93
2537,73
2523,08
2496,3
2486,79
2488,18
2498,33
2516,38
2519,36
2513,75
2527,64
2530,12
2500,86
2486,84
2489,46
2469,85
2467,5
2518,44
2539,67
2515,78
2529,79
2561,59
2527,45
2468,19
2467,05
2472,44
2453,86
2478,32
2532,39
2537,27
2530,91
2561,31
2562,98
2503,95
2459,5
2465,69
2460,29
2463,08
2508,67
2530,07
2533,68
2550,5
2538,21
2508,87
2488,61
2467,6
2455,96
2491,96
2550,29
2546,8
2524,12
2551,66
2527,12
2427,53
2390,03
2458,45
2486,8
2515,83
2590,61
2631,7
2633,8
2556,21
2433,11
2352,55
2335,18
2398,63
2503,43
2567,3
2631,11
2705,77
2661,05
2513,72
2367,24
2313,68
2380,42
2484,64
2544,94
2555,41
2599,33
2672,1
2674,51
2511,32
2414,89
2555,4
2612,12
2638,98
2728,95
2699,5
2645,75
2619,76
2462,87
2184,4
2134,93
1959,51
1688,34
1758,79
2057,34
1943,36
1606,18
1931,94
2538,2
2192,13
1501,16
1350,53
1349,57
1351,97
1354,25
1355,41
1354,16
1351,21
1348,32
1346,41
1347,92
1350,9
1353,98
1355,96
1355,8
1352,83
1349,43
1347,66
1347,5
1350,66
1354,84
1356,64
1356,31
1354,4
1351,33
1348,37
1348,22
1349,3
1351,62
1354,05
1354,52
1353,42
1352,02
1350,18
1349,36
1349,8
1350,25
1351,19
1352,49
1352,78
1353,5
1353,77
1353,45
1351,97
1350,17
1348,88
1349,32
1351,62
1354,04
1355,95
1355,55
1352,54
1348,93
1346,72
1346,6
1348,85
1353,45
1357,37
1357,23
1354,23
1349,39
1344,85
1344,08
1347,95
1353,48
1358,9
1361,16
1357,69
1351,48
1346,26
1344,1
1346,58
1352,56
1357,62
1359,01
1357,57
1352,52
1346,71
1344,63
1346,42
1350,2
1354,03
1355,33
1353,95
1352,32
1350,6
1349,59
1350,52
1351,26
1350,9
1351,39
1351,89
1352,93
1354,93
1355,69
1354,5
1352,11
1348,54
1345,58
1345,81
1349,28
1354,85
1359,58
1360,28
1354,96
1346,31
1339,34
1339,1
1345,78
1356,64
1365,12
1365,33
1358,56
1347,29
1338,15
1337,23
1344,49
1356,05
1365,74
1366,66
1359,5
1348,8
1339
1336,99
1343,44
1353,47
1362,64
1363,68
1357,38
1349,49
1341,57
1339,92
1346,86
1352,95
1357,52
1358,81
1355,43
1352,22
1348,6
1347,81
1352,19
1355,23
1353,36
1349,85
1347,01
1348,33
1351,76
1356,03
1360,19
1359,18
1351,79
1341,54
1334,21
1337,25
1349,41
1363,58
1372,61
1368,34
1353,73
1336,58
1326,74
1330,81
1348,75
1369,4
1380,78
1377,22
1358,37
1334,85
1320,75
1324,42
1343,4
1368,45
1383,58
1378,55
1358,9
1335,37
1319,83
1325,67
1346,41
1364,78
1376,09
1371,97
1357,27
1344,24
1333,72
1331,67
1347,17
1364,89
1370,23
1365,57
1352,66
1339,83
1336,73
1341,68
1352,54
1368,79
1373,05
1358,35
1339,51
1328,24
1326,37
1343,52
1371,32
1381,29
1375,76
1355,3
1323,56
1316,73
1331,17
1351,18
1378,43
1393,9
1382,72
1358,63
1330,35
1303,87
1308,66
1341,66
1374,14
1400,41
1401,76
1367,05
1326,53
1304,19
1301,67
1328,49
1372,5
1390,52
1386,1
1379,08
1342,7
1314,4
1320,45
1328,96
1354,93
1393,56
1384,88
1360,12
1355,98
1320,37
1312,71
1348,37
1353,28
1374,32
1405,11
1362,27
1323,22
1325,83
1297,63
1331,18
1411,19
1386,54
1365,43
1371,02
1300,99
1283,22
1352,84
1351,05
1374,46
1458,93
1465,4
1445,91
1521,1
1595,93
1609,94
1698,69
1879,95
2055,46
2216,75
2356,94
2425,4
2464,2
2524,04
2566,6
2579,7
2583,16
2580,72
2599,2
2622,97
2612,07
2591,54
2588,35
2583,89
2575,19
2577,2
2589,02
2603,85
2612,99
2609,76
2600,65
2593,37
2589,36
2577,23
2568,02
2576,9
2583,12
2585,51
2592,82
2600,45
2600,05
2595,77
2598,98
2598,96
2595,9
2586,26
2571,92
2597,88
2668,09
2733,2
2760,8
2799,6
2857,8
2871,96
2867,9
2884,18
2888,12
2888,48
2905,71
2907,43
2887,62
2868,81
2859,59
2858,3
2861,2
2868,87
2882,61
2897,9
2905,01
2899,07
2886,45
2873,35
2859,98
2850,31
2851,53
2864,65
2883,48
2898,92
2902,58
2895,35
2884,09
2873,12
2865,24
2864,46
2867,07
2869,77
2880,42
2896,37
2895,88
2877,43
2863,25
2860,66
2864,07
2874,44
2886,33
2893,59
2901,26
2902,72
2881,9
2855,51
2848,78
2854,72
2861,7
2873,71
2890,02
2903,77
2909,76
2903,78
2885,82
2863,35
2846,14
2850,05
2869,65
2877,61
2874,76
2887,02
2906,08
2899,75
2872,99
2855,08
2859,96
2881,68
2895,73
2878,36
2857,65
2879,39
2910,69
2894,68
2851,91
2838,23
2863,44
2891,19
2897,3
2889,48
2880,84
2884,62
2899,63
2888,84
2850,63
2844,39
2860,72
2864,78
2884,67
2903,97
2879,44
2873,1
2910,64
2905,68
2862,03
2860,75
2868,31
2860,4
2875,25
2881,81
2871,95
2884,39
2881,39
2864,77
2890,18
2913,76
2884,44
2851,82
2858,77
2896,28
2905,88
2866,37
2852,85
2869,78
2869,03
2879,81
2875,66
2830,45
2855,5
2953,32
2967,25
2901,07
2864,98
2876,92
2866,03
2824,29
2772,64
2781,86
2868,44
2956,92
2996,31
2986,04
2923,91
2859,67
2849,07
2831,84
2772,99
2770,67
2871,66
2971,7
2948,75
2887,95
2898,49
2881,91
2823,49
2827,92
2883,04
2902,85
2938,18
2968,35
2948,19
2863,18
2755,52
2702,56
2730,61
2823,43
2937,22
3019,65
3056,95
3066,54
3019,18
2879,4
2717,08
2646,83
2696,76
2790,96
2866,01
2934,61
2976,15
2996,03
2960,36
2843,82
2676,48
2504,62
2459,82
2504,24
2521,52
2461,42
2475,18
2502,73
2444,77
2420,87
2258,49
2022,88
1804
1630,94
1650,29
1788,62
1976,39
2026,04
2057,27
2006,63
1726
1573,17
1510,33
1563,54
1659,02
1838,68
1822,31
1690,58
1475,88
1153,54
1054,57
1439,64
1770,98
1832,18
2323,49
2535,02
2144,21
1587,55
1526,75
1528,26
1529,71
1530,34
1529,66
1527,34
1524,69
1523,91
1525,4
1528,35
1530,68
1530,59
1529,37
1526,84
1524,42
1524,08
1526,71
1530,15
1532,06
1531,28
1528,26
1525,43
1524,44
1525,46
1527,79
1530,23
1530,9
1529,82
1527,15
1525,12
1524,97
1526,11
1527,96
1530,21
1530,54
1528,7
1525,85
1523,77
1523,93
1527,28
1531,83
1533,83
1532,64
1529,12
1525,61
1524,12
1525,04
1527,95
1531,14
1532,1
1529,6
1525,48
1522,74
1523,37
1526,13
1529,04
1531,06
1530,4
1527,76
1524,73
1522,66
1523,4
1527,73
1532,72
1534,19
1532,49
1528,72
1525,28
1523,53
1524,69
1528,1
1531,92
1533,6
1531,06
1525,59
1522,28
1522,47
1524,62
1528,23
1531,76
1531,77
1529,02
1524,46
1521,1
1522,33
1528,12
1533,2
1534,74
1533,03
1528,42
1523,75
1521,54
1523,45
1529,65
1535,4
1536,65
1531,88
1524,6
1519,99
1520,61
1525,09
1529,6
1534,27
1535,11
1530,11
1522,6
1518,04
1520,49
1527,56
1533,95
1536,21
1534,14
1529,57
1523,36
1519,65
1523,18
1532,13
1539,08
1538,7
1531,16
1521,5
1516,68
1518,42
1524,45
1532,84
1539,38
1538,24
1528,35
1517,56
1512,88
1518,46
1529,44
1536,75
1537,88
1534,76
1528,8
1520,34
1516,15
1522,16
1533,98
1541,66
1539,6
1529,55
1518,76
1514,18
1516,66
1523,47
1535,13
1545,14
1542,26
1527,18
1512,56
1507,72
1515,79
1530,64
1540,67
1543,42
1539,15
1528
1514,24
1509,65
1521,9
1538,01
1545,69
1542,06
1528,67
1517,14
1513,25
1514,83
1521,24
1536,8
1550,54
1544,32
1525,5
1511,6
1507,58
1514,04
1528,7
1539,18
1545,63
1547,02
1531,85
1507,47
1501,17
1520,59
1538,25
1548,72
1550,91
1532,11
1516,26
1509,02
1503,76
1512,01
1542,08
1563,55
1547,76
1525,81
1509,92
1501,4
1513,77
1530,09
1536,42
1546,79
1556,99
1533,29
1495,05
1494,8
1527,3
1556,93
1597,38
1621,55
1582,87
1542,38
1510,5
1444,84
1395,3
1405,63
1403,45
1340,62
1323,33
1316,58
1262,63
1283,18
1312,25
1264,62
1279,11
1379,3
1362,98
1252,61
1234,61
1235,41
1239,68
1245,1
1248,51
1247,02
1241,98
1236,94
1233,26
1234,17
1239,44
1244,57
1246,15
1243,21
1238,24
1233,11
1231,25
1235,31
1241,97
1247,02
1247,34
1242,76
1237,06
1233,83
1234,77
1240,15
1246,45
1249,27
1246,1
1239,5
1233,22
1231,33
1235,41
1242,42
1247,36
1248,19
1244,19
1236,36
1230,21
1229,98
1234,96
1242,54
1247,52
1247,19
1243,05
1237,36
1232,74
1233,55
1240,55
1247,38
1249,96
1247,23
1239,57
1233,04
1231,14
1234,98
1242,09
1248,9
1250,77
1244,6
1234,46
1227,57
1228,08
1235,71
1246,03
1252,29
1251,14
1245,12
1235,39
1227,41
1228,94
1239,52
1249,05
1252,95
1251,31
1241,52
1232,38
1229,77
1230,83
1240,01
1253,55
1253,31
1242,96
1236,17
1225,41
1219,08
1231,41
1245,19
1252,41
1261,4
1270,03
1301,73
1396,87
1560,36
1798,5
2116,87
2507,3
2948,2
3387,22
3786,56
4145,85
4455,89
4685,79
4839,41
4957,35
5065,57
5160,86
5242,11
5307,49
5352,45
5389,35
5424,63
5451,21
5473,05
5493,69
5509,39
5517,23
5518,34
5514,97
5515,25
5522,39
5531,37
5543,11
5560,28
5578,74
5593,95
5604,22
5607,93
5603,28
5596,59
5594,42
5592,15
5584,77
5577,78
5578,87
5587,06
5601,35
5617,68
5629,88
5637,56
5642,02
5644,32
5650,94
5656,57
5654,09
5649,2
5644,89
5644,14
5650,56
5659,3
5662,58
5662,24
5663,64
5663,15
5659,69
5654,88
5648,87
5644,67
5649,68
5660,8
5670,13
5677,54
5681,68
5681,74
5680,02
5674,84
5663,64
5649,86
5641,5
5641,22
5644
5649,99
5658,72
5661,13
5660,36
5665,52
5674,37
5682,05
5688,15
5691,67
5696,27
5702,39
5703,65
5698,4
5687,74
5674,95
5665,58
5664,2
5667,02
5667,92
5667,17
5665,91
5664,71
5663,54
5664,42
5666,81
5664,97
5656,1
5648,21
5648,78
5658,68
5671,75
5679,3
5676,77
5666,18
5655,49
5653,12
5658,62
5665,96
5671,56
5675,62
5682,06
5687,09
5688,48
5688,82
5684,12
5675,22
5668,13
5661,39
5653,03
5648,72
5652,76
5661,26
5667,18
5675,13
5686,53
5695,93
5701,19
5700,62
5694,23
5683,89
5675,76
5676,74
5684,65
5691,59
5692,03
5684,36
5674,07
5664,47
5656,51
5651,61
5644,44
5636,03
5637,28
5649,16
5660,44
5662,43
5662,31
5663,87
5664,4
5662,29
5653,75
5642,94
5636,03
5638,67
5646,86
5650,48
5653,05
5658,12
5663,52
5665,4
5663,33
5665,38
5673,5
5683,77
5695,37
5704,63
5710,09
5713,15
5713,54
5710,04
5702,41
5698,28
5704,63
5712,03
5714,46
5717,64
5725,8
5739,52
5754,67
5762,48
5758,12
5747,98
5741,69
5737,29
5730,53
5720,57
5706,2
5692,58
5692,11
5703,94
5714,88
5716,66
5711,66
5700,42
5685,02
5675,58
5673,75
5670,63
5662,37
5656,86
5658,16
5662,12
5671,69
5683,42
5687,07
5682
5669,96
5654,09
5639,13
5627,64
5619,34
5614,44
5613,09
5617,43
5630,25
5642,74
5642,68
5632,14
5620,48
5613,32
5608,97
5603,11
5598,85
5597,13
5595,44
5597,9
5602,81
5603,81
5599,48
5596,13
5598,98
5606,15
5618,78
5635,92
5647,74
5644,6
5631,05
5619,93
5617,07
5617,65
5616,19
5616,56
5618,85
5621,55
5627,51
5633,71
5630,72
5622,82
5617,79
5616,09
5616,16
5616,79
5617,59
5619,86
5623,73
5630,67
5638,12
5640,99
5638,38
5632,1
5624,82
5621,32
5622,62
5624,57
5627,52
5633,46
5637,86
5641,08
5645,63
5649,01
5647,26
5640,4
5629,72
5619,48
5617,27
5620,24
5620,95
5618,05
5611,99
5602,44
5592,66
5587,08
5588,67
5596,27
5608,17
5622,41
5633,72
5638,69
5636,8
5633,53
5627,77
5617,78
5607,48
5597,8
5591,19
5591,69
5597,42
5603,4
5601,55
5591,34
5577,05
5566,76
5566,12
5570,86
5575,15
5579,77
5583,45
5587,39
5592,94
5598
5599,93
5595,66
5589,02
5585,66
5588,16
5594,96
5602,62
5607,2
5606,66
5603,53
5603,21
5604,36
5600,99
5594,4
5588,25
5582,88
5580
5579,42
5580,49
5584,49
5592,18
5597,38
5598,71
5599,5
5599,82
5602,72
5607,6
5610,77
5614,36
5620,54
5629,31
5637,37
5638,9
5632,98
5623,82
5617,22
5613,64
5612,18
5614,99
5619,95
5620,69
5618,7
5617,56
5615,96
5614,77
5614,74
5613,28
5606,99
5600,97
5600,48
5603,65
5607,39
5608,32
5606,78
5604,18
5601,8
5599,89
5596,82
5594,37
5593,41
5596,25
5601,54
5606,96
5611,56
5612,52
5610,8
5608,2
5603,21
5597,47
5592,74
5589,47
5586,25
5582,08
5579,47
5579,76
5583,46
5589,73
5593,77
5594,33
5592,08
5591,85
5596,34
5600,4
5602,18
5600,43
5596,12
5594,58
5598,21
5603,47
5604,39
5597,6
5586,39
5574,11
5564,89
5560,96
5563,38
5568,86
5569,39
5563,2
5553,91
5550,81
5558,31
5567,68
5571,88
5569,22
5566,22
5569,99
5575,71
5578,34
5579,29
5576,88
5575,96
5583,46
5592,17
5591,38
5583,93
5579,61
5578,12
5574,87
5577,11
5585,97
5591,8
5594,98
5600,72
5605,97
5605,17
5605,03
5607,69
5609,82
5610,41
5612,82
5621,04
5629,4
5630,79
5627,78
5624,44
5618,13
5613,63
5620,87
5639,71
5659,92
5674,37
5685
5694,02
5693,14
5684,59
5678,3
5669,32
5652,51
5637,56
5632,38
5631,98
5630,92
5637,74
5654,32
5664,52
5665,25
5666,06
5665,63
5660
5650,15
5644,64
5643,16
5639,44
5630,09
5615,86
5609,3
5615,14
5625,73
5637,21
5640,34
5625,28
5602,29
5585,65
5578,34
5579,5
5582
5584,27
5583,11
5575,83
5570,34
5576,28
5588,2
5598,19
5603,58
5599,97
5595,5
5595,5
5594,03
5587,05
5576,59
5570,56
5569,7
5574,66
5585,54
5595,29
5605,01
5617,22
5627,67
5632,5
5629,36
5620,68
5610,86
5602,68
5593,86
5585,66
5580,68
5578,52
5577,46
5577,55
5577,07
5573,29
5570,42
5573,18
5576,48
5574,24
5566,92
5558,85
5553,72
5552,38
5555,03
5557,94
5554,62
5546,93
5540,71
5543,32
5549,87
5552,53
5554,78
5553,14
5544,48
5535,52
5530,16
5524,68
5520,04
5520,94
5525,2
5527,62
5528,9
5530,36
5529,52
5526,09
5519,16
5510,54
5505,15
5505,8
5512,56
5521,38
5532,92
5545,81
5553,69
5554,06
5545,82
5527,04
5507,86
5499,98
5496,4
5490,78
5482,8
5471,77
5460,57
5457,52
5465,85
5473,98
5473,23
5469,57
5473,29
5480,77
5483,65
5479,46
5471,2
5461,13
5456,16
5458,87
5458,31
5452,9
5453,03
5464,03
5484,09
5501,13
5505,29
5501,58
5490,81
5477,41
5468,94
5462,86
5456
5446,19
5433,6
5419,97
5404,53
5392,31
5387,87
5385,56
5383,69
5381,44
5376,16
5363,86
5347,26
5335,98
5338,92
5348,17
5351,68
5346,15
5329,6
5305,13
5282,29
5265,95
5247,43
5218,16
5185,19
5155,04
5128,21
5105,87
5083,33
5057,05
5032,45
5008,89
4986,23
4968,91
4959,61
4952,34
4931,89
4897,18
4857,49
4807,66
4741,84
4666,46
4591,37
4523,64
4467,74
4420,33
4378,7
4339,38
4286,41
4207,25
4115,97
4032,49
3963,46
3917,36
3895,19
3870,14
3813,84
3739,92
3671,74
3611,95
3550,71
3475,91
3387,63
3294,75
3185,85
3044,74
2894,83
2761,4
2661,98
2615,73
2600,01
2564,44
2463,94
2277,15
2065,11
1919,18
1856,89
1836,87
1793,9
1713,42
1640,39
1615,49
1664,9
1772,04
1813,77
1696,96
1500,48
1346,11
1267,6
1241,8
1234,82
1232,75
1235,43
1240,86
1245,4
1246,84
1243,22
1237,77
1234,33
1233,45
1236,73
1241,4
1243,94
1243,31
1239,51
1235,89
1236,26
1240,25
1244,86
1247,51
1247,05
1242,39
1234,93
1228,76
1227,77
1232,96
1241,39
1248,72
1250,88
1247,78
1240,91
1234,22
1231,69
1235,12
1242,08
1246,68
1245,78
1239,75
1233,17
1231,25
1235,65
1243
1250,21
1251,17
1244,02
1233,87
1228,03
1229,88
1237,47
1246,8
1252,34
1249,96
1241,82
1232,04
1226
1229,59
1239,21
1249,2
1254,65
1252,13
1243,8
1233,85
1226,76
1228,03
1237,05
1247,24
1250,44
1244,67
1235,86
1226,71
1226,91
1237,65
1247,82
1256,93
1256,03
1239,73
1224,76
1221
1226,12
1239,25
1252,65
1257,1
1253,6
1272,71
1325,36
1396,68
1484,75
1570,61
1632,69
1657,96
1661,34
1661,81
1649,97
1628,38
1615,96
1617,12
1620,58
1623,98
1622,23
1608,37
1594,43
1600,09
1609,48
1612,98
1628,25
1635,56
1617,96
1601,78
1595,96
1590,02
1599,02
1623,59
1629,67
1621,68
1625,82
1612,99
1591,4
1598,96
1608,21
1608,78
1622,2
1628,8
1601,62
1590,2
1613,34
1603,56
1597,13
1636,4
1648,03
1618,69
1607,27
1602,93
1580,07
1589,77
1627,54
1619,14
1627,42
1657
1602
1563,48
1606,22
1613,66
1573,9
1630,71
1703,8
1633,33
1619,86
1705,38
1734,35
1775,76
1830,86
1766,96
1625,07
1584,92
1522,52
1417,52
1633,07
1802,01
1651,32
1690,72
1716,69
1372,96
1094,3
1159,63
1251,88
1351,09
1221,76
883,45
756,74
922,71
1152,11
1248,8
1048,24
666,2
388,34
421
762,17
1036,21
1019,26
734,56
304,2
146,21
375,08
571,87
511,81
168,49
136,12
579,45
868,39
863,42
580,54
457,51
454,48
489,42
528,31
548,58
567,46
592,39
616,02
631,45
642,32
653,92
665,61
673,35
675,36
678,8
687,52
699,08
709,87
720,18
730,85
738,92
745,53
751,67
756,6
759,84
762,24
767,29
774,38
780,25
784,42
787,36
788,17
789,49
793,5
798,54
803,5
808,6
812,03
812,33
811,38
811,8
814,73
817,61
816,8
815,64
815,52
814,45
810,37
805,27
804,92
808,93
810,03
807,25
807,38
813,59
819,83
820,26
817,73
818,27
817,98
814,76
810,37
806,5
802,6
797,5
795,42
797,77
803,95
807,97
807,94
808,83
811,48
812,94
809,16
803,98
801,27
796,73
790,21
784,98
782,83
783,04
781,39
779,08
777,91
773,87
771,29
770,76
771,98
776,44
779,99
782,53
782,86
781,43
781,63
780,82
776,63
769,69
765,52
764,63
763,12
764,15
764,42
763,95
763,01
761,11
760,76
759,27
755,81
752,98
751,5
750,41
746,02
743,36
747,37
749,87
747,43
740,86
737,44
743,09
743,28
735,14
732,29
737,41
743,28
741,64
741,04
743,52
742,44
742,12
747,7
757,12
758,32
750,42
745,73
747,96
751,62
751,57
747,08
742,4
738,32
735,95
735,74
735,48
734,82
732,76
728,74
726,1
724,25
720,04
715,6
713,51
714,26
713,47
706,01
698,85
697,58
697,98
693,48
683,76
679,08
682,23
687,65
688,9
686,37
687,65
693,6
698,33
695,59
694,52
697,8
693,93
683,96
684,69
697,72
707,54
700,33
685,19
683,88
694,8
695,04
684,15
680,25
683,07
681,97
677,78
677,06
683,19
691,34
693,63
692,66
692,84
694,49
694,62
693,39
693,31
693,34
691,1
685,53
679,94
677,23
677,24
673,06
667,24
669,97
680,09
685,31
685,13
689,67
695,33
690,21
675,02
666,59
670,18
671,6
665,76
661,72
670,02
681,4
684,36
680,78
682,65
692,5
695,67
685,2
666,96
654,33
645,35
629,1
616,6
617,46
621,7
615,28
598,6
600,31
620,59
623,02
590,35
560,04
569,47
590,66
589,94
564,75
559,01
586,15
585,15
554,14
533,31
561,8
605,14
581,67
549,3
554,22
578,7
563,16
476,78
449,1
478,62
485,34
418,51
324,04
374,64
430,25
368,35
273,07
245,47
404,57
572,55
659,73
701,19
719,16
793,1
878,92
907,09
977,26
1101,67
1254,8
1449,15
1623,7
1702,02
1738,6
1754,43
1730,06
1679,42
1622,84
1580,86
1571,88
1607,9
1670,56
1700,92
1689,51
1682,65
1671,54
1635,65
1608,88
1601,05
1605,83
1624,49
1650,47
1662
1644,81
1614,72
1584,3
1564,77
1576,24
1612,65
1644,79
1656,53
1646,6
1610,56
1572,31
1565,28
1585,53
1619,41
1655,99
1668,52
1636,83
1596,06
1575,96
1565,36
1579,82
1626,04
1659,84
1657,6
1639,14
1600,5
1554,05
1552,96
1592,02
1624,19
1657,71
1680,36
1633,88
1575,31
1568,66
1557,24
1568,22
1669,63
1814,87
1923,89
2009,54
2086,67
2145,19
2180,24
2193,04
2207,16
2229,78
2251,56
2251,29
2228,44
2204,56
2188,43
2188,22
2205,41
2229,71
2245
2245,98
2233,83
2217,2
2204,33
2198,53
2208,91
2230,12
2247,11
2246,25
2226,8
2196,69
2180,34
2192,28
2221,6
2272,37
2331,94
2371,52
2377,87
2361,48
2335,64
2311,98
2300,89
2302,02
2298
2277,18
2252,01
2227,24
2200,84
2185,76
2188,16
2194,97
2201,07
2209,88
2206,31
2182,4
2164,85
2152,16
2140,48
2141,06
2144,12
2151,01
2184,41
2241,49
2302,23
2395,36
2520,34
2633,41
2725,48
2809,27
2898,64
3002,84
3138,63
3311,26
3497,5
3684,22
3853,39
3970,5
4041,24
4110,63
4195,36
4290,47
4384,82
4457,68
4488,76
4476,2
4453,13
4460,18
4501,72
4549,02
4588,06
4634,11
4677,49
4687,66
4675,11
4676,82
4699,66
4718,65
4722,64
4730,28
4739,33
4744,02
4768,04
4825,48
4902,22
4972,03
5006,85
5008,79
5007,58
5015,03
5043,79
5086,34
5115,93
5132,76
5140,18
5118,76
5077,9
5068,2
5079,9
5079,5
5089,18
5133,69
5155,99
5118,43
5087,99
5103,92
5119,51
5120,9
5123,1
5120,8
5109,78
5103,36
5103,6
5104,06
5098,55
5088,45
5079,36
5071,88
5083,38
5114,9
5134,66
5127,5
5105,46
5099
5125,69
5145,72
5151,66
5179,18
5230,99
5257,39
5252,41
5240,39
5217,98
5188,59
5163,13
5154,09
5145,38
5135,81
5143,29
5149,87
5147,99
5137,35
5137,93
5150,99
5165,7
5177,57
5188,99
5202,94
5211,6
5210,78
5207,3
5206,83
5212,86
5220,9
5222,62
5218,51
5214,86
5211,62
5209,77
5209,01
5208,86
5210,29
5212,09
5214,39
5218,27
5222,38
5229,09
5236,32
5239,54
5242,05
5246,88
5252,01
5251,37
5246,24
5245,37
5248,32
5248,49
5244,93
5238,67
5230
5223,25
5222,48
5227,79
5234,27
5234,88
5231,63
5224,38
5216,63
5216,2
5222,63
5235,34
5242,41
5233,18
5224,24
5218,8
5205,83
5192,26
5180,35
5170,09
5165,71
5162,96
5159,74
5155,93
5153,41
5158,69
5170,76
5182,14
5185,68
5177,16
5160,4
5133,39
5090,81
5042,3
5010,11
4997,03
4988,51
4973,67
4941,8
4900,86
4873,98
4865,12
4866,36
4875,86
4883,89
4877,26
4850,96
4811,07
4770,34
4733,7
4693,32
4650,04
4614,88
4587,73
4557,57
4503,41
4424,58
4344,47
4285,58
4247,05
4212,02
4161,54
4070,85
3945,25
3822,95
3730,75
3657,58
3589,22
3519,57
3425,51
3310,44
3153,71
2979,75
2850,69
2752,35
2706,28
2691,61
2642,3
2544,42
2434,73
2277,9
2019,66
1900,83
1880,9
1722,97
1724,76
1718,72
1580,8
1459,24
1427,26
1403,24
1382,49
1367,03
1359,78
1358,37
1359,09
1359,64
1360,52
1360,34
1359,49
1358,8
1359,95
1361,34
1362,44
1362,92
1362,89
1362,55
1361,34
1360,44
1360,12
1360,44
1360,75
1361,3
1361,23
1360,58
1359,94
1359,8
1359,67
1360,12
1360,4
1360,82
1360,4
1359,54
1358,37
1358,66
1359,73
1360,86
1362,1
1363,32
1363,65
1362,78
1361,97
1361,29
1361,32
1361,36
1361,38
1361,29
1360,19
1359,22
1359,02
1359,28
1360,15
1361,29
1362,11
1362,07
1360,79
1359,03
1358,78
1359,08
1359,53
1360,41
1360,6
1360,71
1360,46
1360,52
1361,11
1361,79
1362,93
1363,22
1362,63
1361,46
1359,89
1358,36
1357,86
1358,35
1359,76
1361,13
1361,27
1361,26
1361,15
1360,85
1360,99
1360,88
1361,18
1361,35
1360,48
1359
1357,99
1357,91
1358,7
1360,69
1362,56
1363,01
1362,44
1361,38
1359,5
1358,52
1358,64
1359,62
1360,24
1360,25
1359,79
1359,45
1359,54
1360,29
1361,92
1363,56
1364
1363,08
1361,17
1359,68
1358,13
1358,43
1359,65
1360,3
1360,84
1360,09
1359,14
1358,45
1359
1360,12
1361,98
1362,64
1362,23
1360,85
1358,97
1357,98
1358,15
1359,68
1362,22
1363,72
1364,12
1362,75
1361,27
1359,98
1360,26
1361,4
1362,62
1361,73
1359,75
1357,94
1356,12
1356,19
1357,94
1360,01
1362,02
1362,01
1361,24
1359,39
1358,41
1358,71
1360,81
1363,45
1364,38
1363,97
1362,35
1360,04
1358,58
1358,93
1361,03
1363,03
1364,09
1363,11
1360,51
1357,65
1356,24
1357,26
1359
1361,2
1361,74
1359,78
1357,3
1356,16
1356,83
1360,04
1363,99
1366,33
1366,25
1363,86
1360,59
1358,14
1357,92
1360,22
1362,88
1364,21
1363,32
1360,9
1358,04
1356,68
1358,12
1360,93
1362,98
1363,19
1361,06
1357,74
1355,03
1354,86
1356,83
1361,1
1365,05
1365,8
1363,91
1360,86
1358,48
1358,94
1362,08
1365,3
1366,54
1364,39
1360
1355,25
1353,36
1354,54
1358,56
1363,34
1365,48
1364,2
1360,97
1357,74
1356,38
1357,76
1360,52
1362,91
1362,41
1359,44
1356,06
1355,08
1357,44
1361,78
1366,88
1369,78
1368,28
1363,09
1357,01
1352,81
1353,17
1357,16
1361,68
1364,12
1363,24
1359,8
1356,5
1356,7
1360,35
1364,95
1368,22
1366,88
1361,92
1355,8
1352,37
1353,5
1357,83
1362,74
1366,61
1366,42
1362,53
1358,17
1356
1356,93
1360,84
1364,54
1366,19
1363,38
1357,78
1351,67
1350,03
1354,93
1362,57
1369,62
1372,97
1369,39
1361,37
1355,23
1353,7
1357,12
1362,91
1366,62
1364,46
1358,9
1353,06
1350,36
1353,98
1361,77
1367,62
1370
1366,89
1359,59
1352,76
1350,35
1352,34
1359,02
1367,54
1371,71
1369,99
1363,87
1355,86
1351,57
1355,76
1365,05
1372,19
1373,16
1366,47
1353,45
1344,15
1345,9
1354,58
1364,52
1371,66
1369,48
1359,48
1350,25
1346,69
1350,43
1363,45
1375,13
1375,76
1370,7
1361,4
1348,8
1345,33
1355,19
1363,84
1372,55
1380,8
1374,73
1359,16
1351,21
1345,31
1345,7
1363,72
1375,03
1370,24
1365,29
1350,15
1330,55
1338,67
1361,62
1371,64
1382,51
1404,92
1431,4
1474,88
1537,7
1616,21
1732,5
1874,78
2000,75
2112,54
2234,41
2387,14
2574,5
2754,51
2922,55
3093,53
3233,34
3320,92
3388,11
3458,96
3523,16
3580,64
3644,81
3691,55
3690,01
3676,57
3684,04
3706,58
3729,31
3750,48
3770,52
3785,47
3796,52
3812,01
3824,07
3831,22
3846,7
3863,34
3872,56
3881,54
3889,96
3896,95
3904,37
3910,44
3924,59
3945,94
3956,87
3952,09
3946,5
3950,67
3959,47
3963,96
3966,08
3962,29
3952,66
3945,45
3947,24
3955,98
3957,4
3942,77
3923,27
3911,03
3908,83
3913,86
3917,3
3915,19
3913
3914,5
3913,11
3902,7
3891,69
3894,18
3904,66
3908,95
3907,82
3901,14
3891,22
3886,93
3891,76
3902,39
3914,73
3919,01
3909,67
3895,13
3883,53
3879,79
3885,84
3891,14
3879,47
3849,08
3816,93
3792,92
3769,96
3748,62
3737,55
3726,25
3703,16
3662,71
3597,34
3516,68
3451,1
3416,09
3408,88
3425,85
3415,27
3342,34
3253,48
3172,41
3112,98
3120,43
3161,04
3167,67
3111,88
3023,83
2927,44
2840,17
2792,33
2769,4
2736,78
2687,63
2618,05
2537,5
2465,91
2371,48
2233,88
2126,43
2069,11
2025,24
2042,55
2113,77
2112,73
2030,67
1955,87
1898,14
1832,08
1752,9
1683,96
1651,07
1647,23
1652,5
1658,04
1660,6
1658,06
1652,19
1646,75
1644,86
1648,53
1654,65
1659,85
1660,8
1657,25
1650,86
1645,57
1645,16
1649,02
1655,92
1661,19
1661,44
1656,5
1649,61
1644,72
1644,74
1649,98
1657,64
1662,57
1661,48
1655,1
1647,06
1642,29
1643,62
1650,71
1659,44
1664,09
1662,28
1655,49
1647,72
1643,53
1646,58
1653,84
1660,66
1663,34
1659,39
1651,89
1644,6
1642,05
1646,48
1655
1662,47
1664,19
1659,14
1650,02
1642,23
1640,11
1645,72
1655,91
1664,04
1665,69
1658,81
1648,64
1641,87
1641,57
1648,82
1659,72
1666,96
1665,5
1657,48
1646,42
1639,77
1641,54
1649,61
1659,69
1665,28
1662,69
1654,11
1644,22
1639,64
1643,18
1653,4
1663,93
1668,2
1663,35
1652,15
1640,18
1635,23
1641,6
1654,46
1667,2
1672,77
1666,61
1652,54
1639,63
1635,21
1641,73
1654,96
1666,13
1668,5
1660,69
1647,69
1637,77
1637,08
1646,07
1659,22
1669,41
1669,05
1658,6
1643,82
1633,91
1634,81
1646,86
1663,59
1674,57
1673,95
1660,19
1642,17
1630,89
1633,17
1647,81
1665,51
1676,04
1671,6
1655,03
1637,46
1628,45
1635,11
1653
1670,42
1675,96
1668,05
1650,7
1634,26
1628,65
1638,18
1656,85
1672,77
1679,5
1669,03
1648,22
1631,24
1625,54
1636,69
1658,48
1678,11
1681,88
1668,77
1646,43
1625,75
1622,94
1640,46
1664,31
1681,2
1682,43
1663,25
1638,14
1622,75
1624,51
1643,56
1668,27
1684,65
1679,32
1661,56
1639,47
1621,94
1626,41
1646,39
1668,96
1683,65
1681,82
1662,04
1632,53
1616,35
1623,94
1646,41
1677,63
1698,22
1686,36
1656,23
1623,01
1603,56
1615,34
1652,39
1689,79
1696,88
1686,12
1655,49
1611,5
1610,44
1631,61
1651,71
1684,71
1699,96
1676,09
1639,87
1621,2
1611,82
1620,07
1670,17
1698,47
1691,78
1695,96
1647,2
1586,6
1598,69
1621,59
1655,43
1721,54
1800,37
1831,33
1795,47
1779,79
1766,06
1727,03
1706,92
1674,96
1642,05
1587,14
1560,68
1550,98
1461,74
1471,6
1516,68
1426,42
1481,15
1575,83
1494,55
1494,3
1574,76
1547,78
1379,65
1362,15
1361,36
1359,92
1359,12
1358,37
1358,47
1359,38
1360,91
1362,16
1361,92
1360,57
1359,3
1358,65
1359,5
1360,36
1361,41
1362,26
1361,88
1361,09
1359,93
1359,3
1360,17
1361,38
1362,1
1361,9
1361,52
1360,99
1359,84
1359,72
1359,84
1360,44
1361,22
1360,71
1359,34
1358,53
1358,14
1358,6
1360,36
1361,98
1362,88
1362,39
1360,88
1359,73
1359,38
1360,13
1361,54
1362,19
1362,5
1361,45
1359,87
1359,02
1359,58
1360,86
1362,39
1363
1362,42
1360,75
1358,74
1357,54
1357,23
1359
1360,73
1361,71
1361,46
1360,33
1358,97
1359,24
1360,17
1361,51
1363,25
1363,44
1362,13
1360,22
1358,75
1358,74
1360,36
1361,76
1362,72
1362,4
1360,79
1359,29
1359,08
1359,44
1361,53
1362,28
1361,66
1359,58
1357,61
1356,66
1357,12
1358,93
1361,92
1364,43
1364,73
1363,22
1360,36
1358
1358,04
1358,99
1361,42
1362,87
1362,95
1361,55
1359,83
1358,93
1359,06
1361,58
1363,24
1363,54
1362,47
1359,62
1357,28
1356,55
1357,86
1360,52
1362,88
1362,17
1360,35
1358,59
1357,31
1358,48
1360,83
1363,3
1365,28
1365,27
1362,04
1358,72
1357,05
1357,27
1359,34
1362,5
1364,27
1363,71
1361,39
1358,93
1358,38
1359,51
1361,28
1362,85
1362,6
1359,75
1356,59
1354,81
1355,62
1358,44
1363,07
1366,12
1366,09
1363,57
1359,63
1356,95
1357,4
1359,24
1361,99
1363,41
1362,63
1360,74
1358,96
1358,84
1360,08
1362,56
1364,62
1364,56
1362,2
1358,65
1356,33
1356,55
1358,31
1360,76
1362,33
1362,25
1359,94
1356,9
1355,72
1357,98
1362,2
1366,04
1368,05
1365,64
1360,46
1355,77
1354,05
1355,96
1360,57
1364,66
1366,06
1365,19
1361,88
1358,98
1358,22
1359,63
1361,69
1362,4
1361,3
1358,22
1355,51
1354,63
1356,56
1360,41
1363,98
1366,46
1365,01
1361,3
1357,55
1356,01
1357,91
1361,52
1364,59
1365,59
1363,77
1359,37
1356
1356,09
1359,02
1363,51
1366,86
1366,69
1363,37
1358,41
1355,06
1355,15
1357,93
1361,38
1363,12
1361,95
1358,61
1355,8
1355,6
1358,64
1363,54
1367,81
1368,5
1365,84
1360,26
1354,68
1352,44
1354,69
1360,13
1365,82
1368,64
1367,24
1362,62
1357,84
1355,71
1357,19
1361,34
1363,97
1362,06
1358,27
1354,21
1352,79
1355,95
1362,06
1367,61
1368,83
1364,82
1358,85
1354,36
1353,79
1358,02
1364,5
1368,93
1369,5
1364,59
1357,14
1351,93
1351,08
1355,64
1364,14
1371,1
1371,71
1366,68
1358,01
1351,14
1350,15
1355,37
1361,99
1366,01
1365,39
1359,79
1354,32
1354,46
1358,5
1365,74
1371,71
1370,53
1363,7
1355,02
1348,88
1348,87
1355,85
1365,61
1371,97
1372,4
1368,21
1358,98
1351,45
1350,34
1355,38
1363,46
1368,89
1368,59
1361,38
1351,75
1348,31
1351,66
1359,87
1371,19
1374,31
1366,56
1357,91
1348,2
1346,59
1358,52
1369,56
1373,55
1374,74
1366,4
1349,54
1345,04
1349,11
1352,2
1366,48
1379,18
1370,96
1369,7
1384,53
1416,15
1485,24
1577,96
1663,15
1737,1
1796,88
1830,56
1842,52
1844,11
1838,47
1839,63
1842,12
1839,59
1838,06
1827
1811,84
1787,43
1750,12
1729,96
1748,84
1761,48
1771,52
1809,18
1821,79
1801,19
1784,86
1775,94
1771,38
1773,4
1785,71
1802,26
1811,14
1810,54
1804,77
1806,43
1810,96
1817,04
1829,67
1839,34
1836,58
1822,95
1805,79
1799,85
1811,82
1840,51
1872,12
1893,83
1901,33
1890,88
1875,58
1874,56
1884,44
1896,61
1910,78
1920,94
1915,39
1901,57
1892,76
1895,71
1912,94
1938,7
1959,39
1969,49
1975,96
1974,06
1979,29
2002,36
2041,02
2110,34
2191,47
2245,72
2261,1
2277,91
2310,86
2341,32
2391,84
2455,62
2527,69
2608,69
2697,24
2772,02
2812,61
2841,59
2885,13
2995,32
3109
3167,8
3266,58
3443,68
3421,5
3173,49
3003,79
2955,39
3033,05
3156,85
3242,45
3312,21
3331,38
3287,7
3221,03
3140,06
3116,47
3180,08
3276,57
3349,25
3215,26
2967,51
2790,8
2769,72
3118,3
3431,4
3528,61
3452,96
3151,61
3027,3
2932,56
2863,48
2930,82
3180,36
3235,42
3077,35
2765,63
2699,47
3145,55
3515,78
3843,16
3593,78
3145,58
3103,8
3115,65
3126,4
3134,91
3141,59
3148,88
3155,72
3160,9
3167,72
3178,3
3193,47
3208,66
3219,78
3229,77
3237,3
3246,83
3257,08
3272,09
3290,5
3308,09
3323
3333,98
3344,94
3352,99
3358,42
3364,45
3372,35
3381,69
3392,22
3404,89
3418,14
3429,48
3438,76
3448,3
3459,27
3470,96
3479,46
3481,33
3479,51
3478,83
3479,98
3483,33
3486,62
3488,08
3489,6
3492,32
3497,79
3499,99
3496,58
3492,04
3491,46
3496,04
3502,15
3505,6
3505,02
3502,84
3502,79
3505,94
3509,07
3511,86
3514,02
3515,05
3514,86
3515,04
3515,93
3516,5
3512,45
3504,2
3497,43
3493,3
3494,3
3495,47
3496,99
3498,63
3500,58
3502,16
3502,23
3503,01
3500,42
3495,7
3490,82
3487,72
3486,57
3487,68
3493,4
3500,05
3505,97
3511,54
3516,46
3523,2
3526,8
3529,01
3527,86
3522,98
3513,54
3502,86
3495,7
3492,5
3494,93
3499,71
3502,48
3504,47
3506,05
3510,61
3515,43
3519,21
3518,63
3513,96
3511,53
3516,81
3524,28
3528,55
3529,65
3530,44
3531,78
3529,98
3526,91
3525,96
3528,99
3530,41
3529,1
3529,24
3531,42
3536,54
3539,24
3537,09
3530,42
3526,16
3525,9
3523,96
3515,7
3506,12
3503,6
3508,43
3518,62
3529,26
3537,66
3544,32
3548,26
3550,95
3556,3
3561,3
3566,38
3567,75
3570,6
3576,43
3583,68
3583,08
3578,62
3576,51
3577,93
3584,35
3595,51
3602,2
3597,73
3592,28
3600,9
3610,76
3613,82
3609,53
3605,93
3611,82
3624,27
3635,55
3640,54
3640,03
3638,19
3636,14
3638,39
3639,07
3633,8
3620,82
3609,64
3613,49
3628,36
3645,19
3648,57
3648,32
3645,17
3635,69
3624,25
3612,91
3606,05
3595,18
3579,87
3562,39
3549,74
3551,3
3563,22
3579,07
3593,25
3600,06
3599,16
3597,26
3597,43
3596,81
3591,4
3584,02
3579,61
3576,6
3571,75
3566,42
3564,63
3570,1
3581,48
3590,02
3592,87
3590,1
3589,29
3590,01
3593,12
3595,77
3597,04
3598,13
3599,24
3601,68
3600,66
3600,71
3599,23
3597,1
3595,43
3596,99
3600,84
3601,98
3600,36
3598,78
3602,2
3608
3612,09
3611,47
3609,98
3611,27
3610,9
3601,7
3583,39
3561,77
3544,34
3534,76
3533,89
3544,22
3559,36
3568,29
3566,82
3561,76
3565,15
3575
3584,49
3585,98
3581,87
3578,55
3574,39
3568,01
3557,76
3549,1
3548,39
3557,92
3568,19
3569,72
3561,87
3555,18
3559,07
3569,69
3580,34
3581,56
3582,58
3587,56
3594,96
3590,72
3572,96
3553,98
3547,57
3562,41
3571,7
3567,94
3548,28
3537,12
3533,38
3517,73
3480,85
3424,53
3390,12
3387,05
3386,71
3375,03
3363,77
3360,92
3366,5
3370,34
3368,84
3354,47
3339,91
3322,09
3307,38
3286,1
3252,71
3220,88
3214,1
3233,74
3208,96
3116,65
3004,77
2952,43
2940,07
2927,04
2907,89
2894,57
2893,41
2870,74
2822,56
2770,83
2734,09
2702,33
2669,98
2666,38
2686,77
2695,74
2652,16
2579,69
2508,34
2448,53
2391,69
2339,23
2315,37
2322,22
2338,79
2314,75
2256,5
2157,48
2028,35
1886,85
1737,35
1636,35
1572,28
1537,62
1502,17
1479,05
1515,76
1540,58
1580,91
1570,38
1551,03
1653,32
1728,16
1694,97
1653,26
1649,57
1827,02
2055,61
2021,44
1860,98
1820,74
1951,3
2046,32
2047,81
2001,02
2025,66
2049,54
2050,61
2042,99
2043,5
2014,73
1940,29
1904,08
1910,96
1872,19
1819,62
1814,38
1813,58
1802,72
1814,74
1810,28
1786,52
1791,65
1801,33
1791,51
1770,02
1761,08
1799,73
1862,36
1877,51
1862,74
1896,03
1944,06
1938,23
1904,31
1871,19
1827,75
1773,16
1732,73
1718,58
1719,22
1722,15
1722,86
1719,58
1714,77
1712,88
1713,14
1715,23
1717,82
1717,27
1715,7
1716,95
1722,06
1727,12
1727,18
1723,41
1717,63
1714,14
1714,66
1717,64
1718,68
1716,43
1713,68
1714,85
1720,61
1726,38
1727,76
1722,8
1715,25
1711,03
1713,19
1716,45
1717,04
1714,27
1711,14
1713,33
1720,23
1728,21
1729,97
1724,43
1716,9
1714,02
1717,76
1721,52
1720,45
1714,15
1708,7
1709,93
1718,16
1726,95
1728,7
1722,84
1715,31
1713,5
1719,2
1724,63
1721,34
1712,41
1706,49
1707,57
1716,43
1726,47
1728,85
1721,92
1714,46
1715,6
1723,12
1728,27
1723,66
1712,09
1703,01
1705,45
1717,1
1728,13
1729,88
1720,96
1713,06
1716,02
1727,85
1733,47
1725,58
1710,76
1700,03
1701,8
1715,75
1730,02
1728,55
1715,21
1706,67
1712,66
1726,52
1735,66
1730,23
1711,17
1695,3
1699,75
1721,04
1735,96
1730,82
1714,94
1705,06
1710,33
1729,52
1743,49
1736,53
1710,28
1690,13
1697,77
1722,64
1737,59
1729,84
1709,22
1693,72
1697,95
1726,01
1751,18
1742,44
1709,8
1687,94
1696,91
1724,84
1747,81
1740,8
1709,04
1686,29
1694,56
1726,78
1758,24
1759,2
1721,24
1681,73
1687,5
1725,22
1746,21
1738,63
1710,57
1675,24
1668,53
1715,77
1767,48
1756,12
1715,02
1694,88
1691,41
1706,02
1751,95
1775,69
1711,94
1649,18
1683,86
1738,22
1752,9
1761,89
1750,74
1685,55
1655,3
1724,32
1781,63
1751,71
1696,95
1657,74
1658,39
1711,2
1770,12
1757,44
1704,44
1705,76
1691,7
1671,9
1744,16
1838,45
1751,88
1555,13
1587,39
1726,72
1679,34
1654,26
1727,91
1643,24
1374,01
1375,75
1718,84
1663,88
1247,84
897,42
796,19
1093,35
1534,68
1209,23
342,94
47,28
230,19
442,9
186,17
-96,75
121,41
386,71
1314,27
1571,76
582,93
183,03
176,71
176,99
176,76
176,63
175,97
175,8
176,13
175,82
175,84
175,44
175,7
176,04
176,13
176,08
175,58
175,76
175,72
175,89
175,74
176,11
176,5
176,74
177,11
176,72
176,36
176,24
176,28
175,82
175,38
175,87
176,37
176,41
175,98
175,91
175,66
175,87
175,91
175,51
175,59
176,09
176,8
176,78
176,58
176,82
177,01
177,12
176,43
176,71
176,6
176,71
176,64
176,36
176,28
176,54
176,83
175,6
174,96
174,78
175,24
175,74
176,12
176,19
176,33
177,25
176,9
176,65
176,08
176,02
176,24
176,32
176,49
176,3
176,52
176,27
176
175,48
175,98
175,91
175,32
174,95
175,33
176,4
176,81
176,24
176,07
175,91
176,36
175,96
175,27
175,58
176,56
177,5
177,19
177
176,6
176,54
176,31
175,3
174,68
175,3
176,31
176,46
176,17
175,77
176,37
176,62
175,33
174,5
175,05
175,74
176,26
176,23
176,56
177,48
178,65
177,86
176,14
175,51
176,06
175,63
175,33
175,32
176,15
177,31
176,7
175,15
174,35
175,14
175,73
175,77
175,28
176,11
177,71
177,95
177,2
175,94
176,09
176,99
176,04
174,73
174,8
176,74
177,97
177,08
175,52
175,65
176,58
175,96
174,47
173,38
174,9
176,95
176,57
175,69
175,88
177,1
177,28
175,89
174,75
175,52
177,49
177,76
176,23
175,74
177,21
177,55
176,08
174,11
174,37
176,22
176,94
175,71
175,32
176,92
177,95
176,87
174,34
173,54
176,09
177,46
176,68
175,45
176,75
179,14
178,79
176,37
174,42
175,29
177,17
175,63
173,39
174,18
176,8
178,41
176,43
173,72
174,92
177,28
177,32
174,83
174,22
177,15
179,6
178,44
175,5
175,42
177,46
177,68
174,76
172,49
175,32
178,92
179,04
175,23
174,06
176,07
177,36
174,74
171,24
172,8
177,68
179,05
176,04
173,98
177,15
180,4
177,75
173,06
172,63
177,09
179,26
176,3
173,54
176,04
180,36
179,14
172,85
170,32
174,36
177,84
175,84
171,99
174,08
179,83
181,88
176,64
171,28
173,74
178,04
177,91
172,82
172,68
179,36
183,82
180,06
173,28
172,92
178,37
178,44
171,93
168,28
173,73
181,92
180,5
173,31
172,19
178,24
182,15
175,01
167,73
171,52
180,96
184,13
176,25
172,25
179,07
185,18
180,64
168,84
167,4
177,26
182,05
176,47
168,64
173,6
184,54
182,91
171,85
164,8
173,38
182,87
177,73
168,98
170,89
184,64
190,58
178,32
168,12
170,98
182,7
182,27
167,08
165,16
177,99
190,62
190,7
186,98
198,48
220,74
238,53
240,15
239,97
266,25
313,19
359,41
405,62
473,32
574,74
673,09
736,3
796,48
878,72
960,4
1017,11
1067,02
1121,73
1173,2
1216,7
1247,38
1271,14
1298,92
1321,14
1327,08
1328,77
1338,44
1352,84
1362,09
1359,18
1346,82
1327,76
1310,55
1295,14
1273,67
1251,63
1241,45
1251,6
1267,92
1268,42
1261,07
1259,44
1247,46
1219,01
1193,11
1189,16
1206,38
1234,52
1260,99
1278,78
1296,95
1321,73
1340,39
1336,96
1324,84
1322,92
1328,9
1327,02
1312,48
1293
1270,98
1241,58
1214,04
1195,94
1185,9
1180,99
1182,93
1192,9
1202,83
1207,17
1216
1230,94
1243,51
1246
1246,25
1253,21
1266,8
1286,88
1305,62
1318,98
1338,38
1360,99
1374,59
1377,76
1381,27
1396,22
1429,15
1469,64
1503,12
1520,18
1520,53
1521,27
1525,2
1508,87
1474,64
1463,93
1486,68
1500,04
1475,79
1444,1
1443,95
1463,65
1454,87
1404,68
1361,88
1357,98
1368,49
1357,86
1326,26
1314,26
1320
1288,47
1181,73
1032,14
892,05
803,98
736,84
610,63
545,3
646,59
942,72
1195,53
940,12
465,55
246,94
183,65
169,68
171,66
180,51
181,87
172,55
167,08
173,9
182,83
180
169,73
168,21
178,73
184,88
176,63
166,58
171,1
183,04
184,13
172,77
167,47
176,68
186,73
180,76
166,99
166,92
180,23
186,24
174,82
164,14
171,43
185,3
184,62
169,42
163,85
176,43
188,34
180,49
164,71
166,85
183,97
190
175,39
162,46
171,56
188,88
186,81
167,28
161,11
177,7
191,8
180,24
161,04
164,14
184,7
190,76
171,16
156,87
170,64
192,34
188,82
164,96
160,29
181,8
196,66
180,81
156,92
162,98
189,76
195,84
170,96
153,75
172,05
197,43
190,02
160,02
152,68
181,49
200,87
179,25
151,88
160,8
195,14
201,32
169,38
148,09
170,12
204,65
194,54
155,4
150,63
186,1
209,56
182,58
144,97
155,49
197,34
206,21
164,6
136,6
168,69
210,22
199,65
150,8
139,34
187,09
216,48
183,35
134,85
146,06
206,84
217,91
165,55
131,89
166,29
236,14
289,11
310,69
308,59
301
301,95
297,2
280,58
252,14
247,11
285,66
305,78
252,14
190,35
204,43
243,48
216,01
118,02
46,35
93,21
156,08
90,29
-0,74
26,44
111,41
113,08
17,6
7,72
129,64
137,09
35,65
1,06
-0,7
-0,67
0,34
0,23
1,02
1,81
3,54
3,44
1,72
2,11
2,38
1,59
0,38
1,03
2,35
1,72
0,86
0,44
0,7
-0,02
-1,89
-2,01
0,2
1,96
0,18
0,44
2,48
3,24
2,96
2,08
3,34
4,01
1,54
0,38
1,34
3,6
3,31
1,72
3,84
3,97
1,47
-2,34
-3
-1,12
-2,44
-2,21
-1,66
1,31
2,16
-0,26
1,21
2,2
1,87
-0,66
0,18
4,74
3,64
3,02
2,43
5,24
5,44
-0,13
0,9
6,78
15,93
20,92
28,66
43,71
52,54
58,94
58,33
55,94
47,77
33,75
30,2
35,22
63,57
94,66
139,83
247,89
420,93
657,75
926,19
1233,45
1563,18
1835,5
2029,48
2151,33
2238,76
2335,28
2432,85
2507,92
2554,51
2555,58
2533,27
2556,41
2614,27
2603,59
2542,69
2562,6
2646,66
2672,65
2616,19
2548,51
2492,28
2441,38
2398,52
2375,38
2376,63
2389,39
2400,04
2422,66
2462,2
2503,1
2543,75
2591,93
2643,34
2670,27
2667,99
2669,44
2693,8
2715,71
2708,29
2686,44
2680,52
2693,11
2713,1
2735,16
2761,77
2783,48
2780,88
2757,67
2734,56
2725,48
2714,34
2684,42
2636,64
2585,69
2538,49
2481,66
2412,77
2341,37
2270,82
2199,44
2132,27
2088,81
2076,15
2075,02
2070
2066,56
2080,84
2094,6
2087,26
2091,67
2110,02
2147,16
2191,84
2238,57
2321,91
2392,77
2488,58
2568,66
2590,32
2574,71
2568,81
2629,7
2669,16
2700,76
2739,47
2778,06
2808,9
2825,67
2841,06
2860,23
2879
2892,19
2903,34
2917,07
2926,37
2941,68
2976,4
3021,72
3050,93
3048,73
3042,54
3049,84
3057,82
3052
3037,78
3041,25
3048,61
3048,61
3046,91
3045,13
3031,97
3009,74
3000,91
3004,9
2994,44
2966
2945,55
2945,22
2961,1
2976,47
2989,37
3009,89
3039,49
3073,39
3106,23
3151,77
3212,62
3262,74
3303,34
3342,74
3385,88
3417,74
3449,8
3496,68
3538,87
3563,1
3581,46
3593,03
3596,74
3607,9
3627,21
3643,72
3658,86
3675,14
3682,1
3663,21
3644,87
3644,88
3639,45
3622,43
3591,58
3572,89
3567,92
3569,93
3574,16
3577,83
3601,73
3625,2
3612,68
3594,02
3610,54
3641,33
3636,55
3609,86
3623,31
3674,11
3733,94
3795,28
3843,7
3865,32
3843,88
3789,52
3750,66
3719,57
3666,33
3616,28
3599,42
3610,87
3623,88
3636,14
3661,78
3681,5
3678,47
3673,55
3680,47
3683,68
3652,79
3642,57
3696,64
3772,38
3842,91
3895,08
3912,36
3880,32
3808,85
3718,78
3643,01
3577,49
3513,24
3486,43
3511,89
3572,99
3637,64
3675,64
3689,43
3685,13
3660,49
3617,91
3587,77
3606,89
3643,59
3667,14
3710,47
3770,06
3822,97
3860,34
3871,7
3849,23
3779,7
3681,73
3575,16
3495,97
3468,74
3480,09
3525,4
3572,52
3622,62
3672,64
3716,36
3746,85
3742,96
3729,42
3723,13
3719,1
3719,95
3720,9
3738,91
3763,64
3775,35
3797,02
3817,94
3823,56
3789,75
3743,7
3720,32
3708,33
3686,1
3650,14
3618,63
3592,44
3564,4
3519,61
3494,95
3508,82
3527,23
3573,58
3665,19
3737,13
3691,15
3576,34
3575
3684,07
3785,02
3824,56
3839,39
3879,81
3883,85
3817,97
3751,85
3658,03
3561,22
3504,5
3484,74
3506,59
3541
3610,63
3728,56
3856,42
3856,33
3709,72
3691,38
3824,46
3943,6
4011,4
4004,76
3944,67
3894,76
3852,9
3749,05
3600,81
3517,01
3477,81
3419,05
3442,27
3578
3720,38
3771,06
3799,36
3911,11
4015,82
4062,75
4077,8
4058,18
3986,5
3900,45
3844,89
3799,46
3686,68
3575,18
3540,68
3517,08
3508,66
3558,67
3656,88
3743,76
3794
3851,78
3928,67
3997,74
4025,9
4000,06
3936,89
3883,82
3836,96
3814,87
3808,6
3762,94
3671,52
3599,01
3611,53
3631,94
3597,56
3622,02
3732,41
3810,07
3818,92
3838,75
3896,75
3935,37
3964,1
3986,94
3988,23
3969,95
3905,77
3828,62
3800,37
3793,52
3731,6
3651,78
3599,67
3576,24
3560,82
3584,62
3664,45
3761,57
3847,09
3880,39
3898,06
3934,85
3967,1
4001,8
4019,59
4020,17
4001,05
3932,04
3858,59
3838,64
3833,96
3774,5
3696,46
3637
3590,65
3568,74
3608,99
3724,1
3868,82
3918,16
3877,58
3876,91
3940,23
4009,29
4077,32
4121,59
4091,72
4015,9
3938,92
3879,77
3833,71
3785,96
3706,09
3617,35
3563,42
3529,57
3566,85
3713,55
3889,06
3931,89
3896,6
3930,98
3958,42
4002,11
4092,8
4180,86
4171,44
4059,96
3967,4
3930,23
3930,28
3914,25
3873,92
3777,65
3621,52
3543,77
3580,78
3706,91
3852,23
3906,56
3868,54
3860,6
3926,59
3987,21
4029,73
4043,26
4006,13
3953,51
3904,45
3859,29
3857,72
3808,6
3686,18
3570,28
3463,23
3371,24
3287,72
3348,35
3604,1
3821,91
3867,96
3744,98
3701,06
3809,04
3859,46
3864,03
3845,15
3771,95
3719,42
3727,25
3741,64
3689,42
3566,65
3469,44
3416,37
3432,2
3547,16
3720,03
3859,28
3902,36
3895,53
3897,82
3902,38
3896,5
3915,6
3954,02
3982,99
3949,76
3822,63
3694,2
3635,03
3618,03
3587,34
3545
3552,92
3570,35
3508,49
3359,53
3236,75
3213,61
3190,96
3087,18
2991,74
3018,48
3072,39
2981,22
2769,61
2603,88
2478,3
2265,39
2010,79
1922,8
2023,65
2081,63
1880,24
1644,43
1616,58
1633,84
1325,16
894,42
601,7
509,43
369,67
63,72
177,73
523,8
760,69
1045,38
1622,32
1925,06
1109,66
184,88
1,29
-1,33
3,17
-1,46
-10,69
-8,49
4,45
6,93
2,55
4,35
12,86
11,46
-4,24
-8,3
-1,12
-0,67
-7,85
-7,01
9,76
16,03
5,37
-0,68
6,08
7,31
-11,44
-17,9
-4,24
6,54
2,01
-4,65
10,32
22,85
8,31
-9,54
-5,7
4,96
-6,51
-18,22
-3,85
21,1
22,99
3,1
14,86
57,22
84,62
110,41
173,99
283,17
405,1
524,01
677,47
894,26
1158,87
1459,12
1767,88
2052,05
2299,37
2502,92
2662,57
2790,5
2910,87
3008,78
3072,46
3140,69
3234,95
3321,51
3373,32
3395,03
3432,05
3510,61
3591,37
3637,9
3669,28
3709,2
3751,34
3785,55
3801,61
3802,18
3813,79
3854,5
3905,72
3948,27
3969,14
3979,26
3994,11
4011,88
4027,35
4052,95
4087,66
4124,36
4161,22
4185,67
4215,39
4272,76
4337,2
4382,07
4390,64
4407,39
4441,91
4465,64
4469,79
4474,24
4481,37
4488,44
4526,05
4621,28
4755,73
4903,93
5081,99
5302,19
5553,12
5809,52
6034,44
6236,45
6448,14
6661,52
6833,13
6932,12
6969,98
6970,69
6950,26
6928,95
6911,51
6891,8
6875,63
6867,97
6862,54
6857,36
6853,29
6851,95
6848,08
6831,38
6806,89
6784,65
6772,87
6770,59
6770,98
6772,77
6774,82
6775,42
6776,56
6782,02
6791,94
6800,68
6802,82
6796,08
6784,68
6769,6
6751,69
6733,94
6717,92
6699,44
6672,11
6638,69
6607,5
6583,31
6564,96
6552,13
6547,09
6547,12
6548,94
6552,83
6562,44
6574,46
6578,22
6571,7
6566,16
6563,16
6558,48
6548,94
6536,97
6524,64
6513,37
6506,59
6505,5
6505,38
6507,12
6517,3
6536,48
6556,98
6574,86
6589,75
6602,15
6609,22
6609,55
6604,22
6593,26
6580,2
6573,38
6576,79
6586,11
6588,39
6579,42
6569,26
6571,51
6586,84
6604,06
6616,07
6623,86
6632,69
6641,8
6644,36
6638,72
6630,71
6624,43
6617,93
6607,05
6593,45
6584,78
6582,97
6581,32
6575,77
6573,98
6580,99
6589,62
6594,07
6590,26
6582,35
6574,65
6563,33
6543,1
6511,25
6473,01
6438,97
6409,19
6383,53
6360,89
6341,95
6333,82
6337,53
6346,66
6352,59
6353,93
6353,41
6348,72
6336,85
6316,41
6287,71
6257,43
6236,64
6233,45
6245,83
6256,18
6259,12
6270,38
6295,95
6323,16
6341,19
6349,03
6347,1
6335,34
6313,88
6292,11
6285,43
6290,3
6291,07
6284,32
6274,26
6272,13
6286,65
6312,84
6338,24
6356,14
6365,99
6368,28
6365,9
6358,63
6351,21
6346,42
6345,57
6346,32
6346,62
6347,4
6352,36
6363,59
6372,78
6371,31
6360,1
6346,53
6337,4
6327,11
6313,71
6306
6306,72
6308,15
6298,37
6278,98
6262,4
6254,49
6253,09
6257,17
6260,66
6257,66
6251,13
6252,41
6265,96
6282,49
6295,83
6312,62
6335,44
6356,29
6369,72
6379,86
6396,02
6415,75
6435
6465,67
6520,04
6597,03
6673,55
6727,47
6761,95
6787,88
6805,64
6817,3
6831,37
6851,98
6873,52
6892,08
6907,76
6924,64
6952,42
6989,74
7013,2
7006,4
6973,22
6919,47
6847,69
6761,16
6665,42
6568,23
6478,09
6408,23
6366,3
6342,87
6330,18
6321,93
6311,34
6287,99
6232,38
6138,55
6035,64
5955,5
5893,54
5815,5
5699,07
5560,52
5434,48
5328,89
5227,72
5121,49
5010,17
4905,87
4819,01
4755,81
4720,2
4685,12
4625,06
4580,36
4561,82
4521,76
4491,24
4524,28
4557,23
4501,91
4407,88
4488,14
4688,47
4695,83
4283,26
3735,89
3446,12
3391,58
3415,22
3436,8
3420,3
3365,25
3305,76
3270,36
3258,6
3263,56
3272,2
3289,41
3321,01
3345,74
3340,68
3312,21
3280,44
3266,46
3275,6
3282,96
3249,19
3161,13
3041,66
2909,74
2781,21
2644
2502,94
2408,29
2365,31
2340,92
2288,54
2197,54
2132,57
2016,36
1730,65
1491,34
1541,85
1749,51
1751,45
1538,27
1704,34
2346,47
2754,56
2327,45
1561,98
1089,63
799,63
558,43
363,2
230,96
95,68
11,37
0,64
0,67
1,13
0,98
0,79
0,93
0,72
0,67
0,39
0,33
0,15
0,22
0,16
0,65
1,01
1,03
1,8
1,33
1,6
0,83
1,01
1,07
0,69
1,07
0,74
1,28
1,36
1,63
1,31
0,8
0,17
-0,44
0,4
0,75
1,02
1,46
1,56
1,37
1,22
0,86
0,42
0,91
0,43
0,84
1,56
1,77
1,56
1,17
1,28
0,52
-0,08
-0,41
0,01
0,34
0,57
0,98
1,08
1,78
1,07
0,58
0,54
0,98
0,81
0,33
0,9
0,66
1,36
0,95
0,99
1,03
0,11
-0,11
-0,31
0,52
0,48
0,19
0,43
0,84
1,11
0,25
0,25
-0,07
0,2
0,01
0,28
1,67
2,11
2,04
0,8
0,94
0,64
-0,05
0,1
0,56
1,03
0,73
1,01
0,77
0,92
0,42
-0,26
0,19
0,59
0,82
0,85
1,4
1,22
0,83
0,91
0,86
0,99
0,52
0,23
0,22
0,72
0,83
1,01
1,31
0,88
0,58
-0,15
-0,26
-0,14
0,13
0,62
1,26
2,16
1,4
1,37
1,52
1,26
0,31
0,18
0,77
0,33
0,95
1,09
1,16
1,59
1,18
0,08
-0,32
0,4
-0,25
0,47
0,77
0,92
1,7
1,34
1,18
0,98
0,64
-0,27
1,2
1,8
1,46
1,78
1,53
1,1
0,46
0,17
0,38
-0,14
0,1
0,7
1,06
0,85
1,58
0,83
0,59
0,8
0,05
0,16
0,41
1,08
0,87
1,13
0,89
1,06
0,91
